           3
          14          14
  4.759989001534202E-003  6.346652002045589E-003
 -0.737798295237801        2.40220778277426     
   6372.300    
   6372.300    
   6372.300    
   6372.300    
   6372.300    
   6372.300    
   6372.300    
   6372.300    
   6372.300    
   6372.300    
   6372.300    
   6372.300    
   6372.300    
   6372.300    
   6372.300    
   6372.300    
   6372.300    
   6372.300    
   6372.300    
   6372.300    
   6372.300    
   6372.300    
   6372.300    
   6372.300    
   6372.300    
   6372.300    
   6372.300    
   6372.300    
   6372.300    
   6372.300    
   6372.300    
   6372.300    
   6372.300    
   6372.300    
   6372.300    
   6372.300    
   6372.300    
   6372.300    
   6372.300    
   6372.300    
   6372.300    
   6372.300    
   6372.300    
   6372.300    
   6372.300    
   6372.300    
   6372.300    
   6372.300    
   6372.300    
   6372.300    
   6372.300    
   6372.300    
   6372.300    
   6372.300    
   6372.300    
   6372.300    
   6372.300    
   6372.300    
   6372.300    
   6372.300    
   6372.300    
   6372.300    
   6372.300    
   6372.300    
   6372.300    
   6372.300    
   6372.300    
   6372.300    
   6372.300    
   6372.300    
   6372.300    
   6372.300    
   6372.300    
   6372.300    
   6372.300    
   6372.300    
   6372.300    
   6372.300    
   6372.300    
   6372.300    
   6372.300    
   6372.300    
   6372.300    
   6372.300    
   6372.300    
   6372.300    
   6372.300    
   6372.300    
   6372.300    
   6372.300    
   6372.300    
   6372.300    
   6372.300    
   6372.300    
   6372.300    
   6372.300    
   6372.300    
   6372.300    
   6372.300    
   6372.300    
   6372.300    
   6372.300    
   6372.300    
   6372.300    
   6372.300    
   6372.300    
   6372.300    
   6372.300    
   6372.300    
   6372.300    
   6372.300    
   6372.300    
   6372.300    
   6372.300    
   6372.300    
   6372.300    
   6372.300    
   6372.300    
   6372.300    
   6372.300    
   6372.300    
   6372.300    
   6372.300    
   6372.300    
   6372.300    
   6372.300    
   6372.300    
   6372.300    
   6372.300    
   6372.300    
   6372.300    
   6372.300    
   6372.300    
   6372.300    
   6372.300    
   6372.300    
   6372.300    
   6372.300    
   6372.300    
   6372.300    
   6372.300    
   6372.300    
   6372.300    
   6372.300    
   6372.300    
   6372.300    
   6372.300    
   6372.300    
   6372.300    
   6372.300    
   6372.300    
   6372.300    
   6372.300    
   6372.300    
   6372.300    
   6372.300    
   6372.300    
   6372.300    
   6372.300    
   6372.300    
   6372.300    
   6372.300    
   6372.300    
   6372.300    
   6372.300    
   6372.300    
   6372.300    
   6372.300    
   6372.300    
   6372.300    
   6372.300    
   6372.300    
   6372.300    
   6372.300    
   6372.300    
   6372.300    
   6372.300    
   6372.300    
   6372.300    
   6372.300    
   6372.300    
   6372.300    
   6372.300    
   6372.300    
   6372.300    
   6372.300    
   6372.300    
   6372.300    
   6372.300    
   6372.300    
   6372.300    
   6372.300    
   6372.300    
   6372.300    
   6372.300    
   6372.300    
   6331.000    
   6331.000    
   6331.003    
   6330.994    
   6330.986    
   6331.000    
   6331.002    
   6330.998    
   6330.995    
   6331.000    
   6331.000    
   6330.998    
   6331.000    
   6331.000    
   6331.000    
   6331.250    
   6331.823    
   6330.497    
   6329.782    
   6331.249    
   6332.118    
   6330.913    
   6330.862    
   6331.131    
   6331.466    
   6330.856    
   6330.754    
   6330.986    
   6331.008    
   6331.954    
   6334.020    
   6328.150    
   6327.822    
   6333.791    
   6341.203    
   6333.996    
   6332.656    
   6328.156    
   6337.575    
   6335.479    
   6330.862    
   6330.982    
   6330.930    
   6330.184    
   6330.025    
   6331.549    
   6339.389    
   6335.300    
   6337.382    
   6329.624    
   6328.669    
   6323.386    
   6333.385    
   6332.566    
   6330.977    
   6331.027    
   6330.890    
   6329.566    
   6329.446    
   6325.976    
   6330.423    
   6328.375    
   6328.504    
   6333.223    
   6328.080    
   6330.922    
   6330.982    
   6329.716    
   6330.985    
   6331.008    
   6330.977    
   6331.423    
   6333.932    
   6327.358    
   6324.500    
   6335.854    
   6340.670    
   6338.862    
   6330.938    
   6329.136    
   6334.622    
   6328.078    
   6329.336    
   6330.934    
   6331.001    
   6331.648    
   6333.658    
   6337.234    
   6335.042    
   6332.373    
   6337.872    
   6328.871    
   6333.715    
   6329.014    
   6335.899    
   6326.723    
   6329.185    
   6330.942    
   6330.906    
   6329.869    
   6327.774    
   6334.551    
   6339.754    
   6329.187    
   6333.630    
   6327.963    
   6328.700    
   6329.517    
   6330.175    
   6332.004    
   6331.875    
   6331.027    
   6330.942    
   6328.925    
   6323.679    
   6333.055    
   6334.683    
   6333.518    
   6341.559    
   6337.174    
   6325.922    
   6325.416    
   6325.854    
   6327.948    
   6330.840    
   6331.004    
   6331.083    
   6331.260    
   6329.191    
   6333.211    
   6333.090    
   6331.734    
   6327.206    
   6327.406    
   6327.962    
   6329.266    
   6335.308    
   6328.928    
   6329.217    
   6330.947    
   6331.062    
   6331.231    
   6327.476    
   6331.962    
   6336.922    
   6335.222    
   6329.695    
   6325.147    
   6333.952    
   6321.690    
   6329.068    
   6331.849    
   6330.277    
   6330.982    
   6330.894    
   6329.206    
   6324.362    
   6329.520    
   6335.240    
   6330.323    
   6330.594    
   6330.251    
   6332.503    
   6324.847    
   6332.428    
   6335.584    
   6332.042    
   6331.072    
   6330.924    
   6329.720    
   6329.046    
   6331.506    
   6332.632    
   6330.043    
   6329.572    
   6331.592    
   6331.342    
   6329.150    
   6330.828    
   6332.173    
   6331.444    
   6331.021    
   6331.000    
   6330.897    
   6330.850    
   6331.010    
   6331.052    
   6330.963    
   6330.926    
   6331.021    
   6330.994    
   6330.892    
   6330.984    
   6331.032    
   6331.009    
   6331.000    
   6271.000    
   6271.000    
   6271.000    
   6271.000    
   6271.000    
   6271.000    
   6271.000    
   6271.000    
   6271.000    
   6271.000    
   6271.000    
   6271.000    
   6271.000    
   6271.000    
   6271.000    
   6271.000    
   6271.000    
   6271.000    
   6271.000    
   6271.000    
   6271.000    
   6271.000    
   6271.000    
   6271.000    
   6271.000    
   6271.000    
   6271.000    
   6271.000    
   6271.000    
   6271.000    
   6271.000    
   6271.000    
   6271.000    
   6271.000    
   6271.000    
   6271.000    
   6271.000    
   6271.000    
   6271.000    
   6271.000    
   6271.000    
   6271.000    
   6271.000    
   6271.000    
   6271.000    
   6271.000    
   6271.000    
   6271.000    
   6271.000    
   6271.000    
   6271.000    
   6271.000    
   6271.000    
   6271.000    
   6271.000    
   6271.000    
   6271.000    
   6271.000    
   6271.000    
   6271.000    
   6271.000    
   6271.000    
   6271.000    
   6271.000    
   6271.000    
   6271.000    
   6271.000    
   6271.000    
   6271.000    
   6271.000    
   6271.000    
   6271.000    
   6271.000    
   6271.000    
   6271.000    
   6271.000    
   6271.000    
   6271.000    
   6271.000    
   6271.000    
   6271.000    
   6271.000    
   6271.000    
   6271.000    
   6271.000    
   6271.000    
   6271.000    
   6271.000    
   6271.000    
   6271.000    
   6271.000    
   6271.000    
   6271.000    
   6271.000    
   6271.000    
   6271.000    
   6271.000    
   6271.000    
   6271.000    
   6271.000    
   6271.000    
   6271.000    
   6271.000    
   6271.000    
   6271.000    
   6271.000    
   6271.000    
   6271.000    
   6271.000    
   6271.000    
   6271.000    
   6271.000    
   6271.000    
   6271.000    
   6271.000    
   6271.000    
   6271.000    
   6271.000    
   6271.000    
   6271.000    
   6271.000    
   6271.000    
   6271.000    
   6271.000    
   6271.000    
   6271.000    
   6271.000    
   6271.000    
   6271.000    
   6271.000    
   6271.000    
   6271.000    
   6271.000    
   6271.000    
   6271.000    
   6271.000    
   6271.000    
   6271.000    
   6271.000    
   6271.000    
   6271.000    
   6271.000    
   6271.000    
   6271.000    
   6271.000    
   6271.000    
   6271.000    
   6271.000    
   6271.000    
   6271.000    
   6271.000    
   6271.000    
   6271.000    
   6271.000    
   6271.000    
   6271.000    
   6271.000    
   6271.000    
   6271.000    
   6271.000    
   6271.000    
   6271.000    
   6271.000    
   6271.000    
   6271.000    
   6271.000    
   6271.000    
   6271.000    
   6271.000    
   6271.000    
   6271.000    
   6271.000    
   6271.000    
   6271.000    
   6271.000    
   6271.000    
   6271.000    
   6271.000    
   6271.000    
   6271.000    
   6271.000    
   6271.000    
   6271.000    
   6271.000    
   6271.000    
   6271.000    
   6271.000    
   6271.000    
   6271.000    
   6271.000    
   6271.000    
   6271.000    
   6271.000    
   6271.000    
   6271.000    
   6271.000    
