           3
          14          14
  4.759989001534202E-003  6.346652002045589E-003
 -0.737798295237801        2.40220778277426     
  6372.30000     0.30000
  6372.30000     0.30000
  6372.30000     0.30000
  6372.30000     0.30000
  6372.30000     0.30000
  6372.30000     0.30000
  6372.30000     0.30000
  6372.30000     0.30000
  6372.30000     0.30000
  6372.30000     0.30000
  6372.30000     0.30000
  6372.30000     0.30000
  6372.30000     0.30000
  6372.30000     0.30000

  6372.30000     0.30000
  6372.30000     0.30000
  6372.30000     0.30000
  6372.30000     0.30000
  6372.30000     0.30000
  6372.30000     0.30000
  6372.30000     0.30000
  6372.30000     0.30000
  6372.30000     0.30000
  6372.30000     0.30000
  6372.30000     0.30000
  6372.30000     0.30000
  6372.30000     0.30000
  6372.30000     0.30000

  6372.30000     0.30000
  6372.30000     0.30000
  6372.30000     0.30000
  6372.30000     0.30000
  6372.30000     0.30000
  6372.30000     0.30000
  6372.30000     0.30000
  6372.30000     0.30000
  6372.30000     0.30000
  6372.30000     0.30000
  6372.30000     0.30000
  6372.30000     0.30000
  6372.30000     0.30000
  6372.30000     0.30000

  6372.30000     0.30000
  6372.30000     0.30000
  6372.30000     0.30000
  6372.30000     0.30000
  6372.30000     0.30000
  6372.30000     0.30000
  6372.30000     0.30000
  6372.30000     0.30000
  6372.30000     0.30000
  6372.30000     0.30000
  6372.30000     0.30000
  6372.30000     0.30000
  6372.30000     0.30000
  6372.30000     0.30000

  6372.30000     0.30000
  6372.30000     0.30000
  6372.30000     0.30000
  6372.30000     0.30000
  6372.30000     0.30000
  6372.30000     0.30000
  6372.30000     0.30000
  6372.30000     0.30000
  6372.30000     0.30000
  6372.30000     0.30000
  6372.30000     0.30000
  6372.30000     0.30000
  6372.30000     0.30000
  6372.30000     0.30000

  6372.30000     0.30000
  6372.30000     0.30000
  6372.30000     0.30000
  6372.30000     0.30000
  6372.30000     0.30000
  6372.30000     0.30000
  6372.30000     0.30000
  6372.30000     0.30000
  6372.30000     0.30000
  6372.30000     0.30000
  6372.30000     0.30000
  6372.30000     0.30000
  6372.30000     0.30000
  6372.30000     0.30000

  6372.30000     0.30000
  6372.30000     0.30000
  6372.30000     0.30000
  6372.30000     0.30000
  6372.30000     0.30000
  6372.30000     0.30000
  6372.30000     0.30000
  6372.30000     0.30000
  6372.30000     0.30000
  6372.30000     0.30000
  6372.30000     0.30000
  6372.30000     0.30000
  6372.30000     0.30000
  6372.30000     0.30000

  6372.30000     0.30000
  6372.30000     0.30000
  6372.30000     0.30000
  6372.30000     0.30000
  6372.30000     0.30000
  6372.30000     0.30000
  6372.30000     0.30000
  6372.30000     0.30000
  6372.30000     0.30000
  6372.30000     0.30000
  6372.30000     0.30000
  6372.30000     0.30000
  6372.30000     0.30000
  6372.30000     0.30000

  6372.30000     0.30000
  6372.30000     0.30000
  6372.30000     0.30000
  6372.30000     0.30000
  6372.30000     0.30000
  6372.30000     0.30000
  6372.30000     0.30000
  6372.30000     0.30000
  6372.30000     0.30000
  6372.30000     0.30000
  6372.30000     0.30000
  6372.30000     0.30000
  6372.30000     0.30000
  6372.30000     0.30000

  6372.30000     0.30000
  6372.30000     0.30000
  6372.30000     0.30000
  6372.30000     0.30000
  6372.30000     0.30000
  6372.30000     0.30000
  6372.30000     0.30000
  6372.30000     0.30000
  6372.30000     0.30000
  6372.30000     0.30000
  6372.30000     0.30000
  6372.30000     0.30000
  6372.30000     0.30000
  6372.30000     0.30000

  6372.30000     0.30000
  6372.30000     0.30000
  6372.30000     0.30000
  6372.30000     0.30000
  6372.30000     0.30000
  6372.30000     0.30000
  6372.30000     0.30000
  6372.30000     0.30000
  6372.30000     0.30000
  6372.30000     0.30000
  6372.30000     0.30000
  6372.30000     0.30000
  6372.30000     0.30000
  6372.30000     0.30000

  6372.30000     0.30000
  6372.30000     0.30000
  6372.30000     0.30000
  6372.30000     0.30000
  6372.30000     0.30000
  6372.30000     0.30000
  6372.30000     0.30000
  6372.30000     0.30000
  6372.30000     0.30000
  6372.30000     0.30000
  6372.30000     0.30000
  6372.30000     0.30000
  6372.30000     0.30000
  6372.30000     0.30000

  6372.30000     0.30000
  6372.30000     0.30000
  6372.30000     0.30000
  6372.30000     0.30000
  6372.30000     0.30000
  6372.30000     0.30000
  6372.30000     0.30000
  6372.30000     0.30000
  6372.30000     0.30000
  6372.30000     0.30000
  6372.30000     0.30000
  6372.30000     0.30000
  6372.30000     0.30000
  6372.30000     0.30000

  6372.30000     0.30000
  6372.30000     0.30000
  6372.30000     0.30000
  6372.30000     0.30000
  6372.30000     0.30000
  6372.30000     0.30000
  6372.30000     0.30000
  6372.30000     0.30000
  6372.30000     0.30000
  6372.30000     0.30000
  6372.30000     0.30000
  6372.30000     0.30000
  6372.30000     0.30000
  6372.30000     0.30000


  6332.16706     3.00000
  6324.22418     3.00000
  6318.74801     3.00000
  6327.93971     3.00000
  6322.29495     3.00000
  6324.49768     3.00000
  6329.50435     3.00000
  6330.71586     3.00000
  6330.32446     3.00000
  6334.90589     3.00000
  6328.72698     3.00000
  6328.20553     3.00000
  6326.06802     3.00000
  6330.17490     3.00000

  6324.28476     3.00000
  6333.25502     3.00000
  6328.38610     3.00000
  6330.39517     3.00000
  6330.26777     3.00000
  6335.74324     3.00000
  6334.46041     3.00000
  6329.05307     3.00000
  6325.91612     3.00000
  6324.63013     3.00000
  6327.01122     3.00000
  6329.68531     3.00000
  6336.95686     3.00000
  6337.01470     3.00000

  6328.91524     3.00000
  6329.50636     3.00000
  6336.11348     3.00000
  6325.36742     3.00000
  6323.14544     3.00000
  6328.77247     3.00000
  6343.07102     3.00000
  6335.16270     3.00000
  6333.99127     3.00000
  6327.84225     3.00000
  6337.54146     3.00000
  6338.76509     3.00000
  6336.47555     3.00000
  6331.49912     3.00000

  6321.82318     3.00000
  6327.37442     3.00000
  6329.24817     3.00000
  6331.81598     3.00000
  6342.88788     3.00000
  6337.89381     3.00000
  6337.59235     3.00000
  6326.61222     3.00000
  6331.05316     3.00000
  6317.15574     3.00000
  6334.49051     3.00000
  6329.60487     3.00000
  6325.24987     3.00000
  6328.06804     3.00000

  6332.93521     3.00000
  6329.71603     3.00000
  6332.03604     3.00000
  6322.01839     3.00000
  6330.87653     3.00000
  6327.95101     3.00000
  6325.86033     3.00000
  6336.29185     3.00000
  6324.12931     3.00000
  6333.20639     3.00000
  6329.63873     3.00000
  6331.64945     3.00000
  6327.62921     3.00000
  6337.91934     3.00000

  6324.08455     3.00000
  6324.77105     3.00000
  6335.44895     3.00000
  6326.52057     3.00000
  6321.21017     3.00000
  6338.29480     3.00000
  6339.83840     3.00000
  6340.09006     3.00000
  6331.24506     3.00000
  6327.90791     3.00000
  6335.32725     3.00000
  6329.69222     3.00000
  6326.58068     3.00000
  6333.10602     3.00000

  6318.08264     3.00000
  6324.70328     3.00000
  6333.95397     3.00000
  6337.29368     3.00000
  6335.86349     3.00000
  6330.27102     3.00000
  6340.52579     3.00000
  6325.37695     3.00000
  6336.19302     3.00000
  6326.86305     3.00000
  6337.52358     3.00000
  6323.50325     3.00000
  6329.10495     3.00000
  6327.27821     3.00000

  6326.02353     3.00000
  6330.44654     3.00000
  6328.74910     3.00000
  6332.36354     3.00000
  6342.16807     3.00000
  6327.70734     3.00000
  6331.95019     3.00000
  6328.60122     3.00000
  6327.20119     3.00000
  6332.39748     3.00000
  6328.30035     3.00000
  6334.02185     3.00000
  6329.63123     3.00000
  6334.44572     3.00000

  6339.43326     3.00000
  6330.86606     3.00000
  6320.96003     3.00000
  6336.09934     3.00000
  6332.87972     3.00000
  6336.23840     3.00000
  6342.24249     3.00000
  6337.25697     3.00000
  6326.43619     3.00000
  6318.74956     3.00000
  6325.24967     3.00000
  6326.91927     3.00000
  6327.24700     3.00000
  6317.14698     3.00000

  6342.48597     3.00000
  6331.01048     3.00000
  6328.82295     3.00000
  6333.56871     3.00000
  6331.22396     3.00000
  6330.25997     3.00000
  6326.13027     3.00000
  6329.26272     3.00000
  6323.99610     3.00000
  6335.38479     3.00000
  6335.25967     3.00000
  6329.82134     3.00000
  6320.17401     3.00000
  6329.59208     3.00000

  6328.09043     3.00000
  6330.80465     3.00000
  6325.86069     3.00000
  6332.02904     3.00000
  6338.54540     3.00000
  6337.34829     3.00000
  6329.99542     3.00000
  6321.07450     3.00000
  6338.82964     3.00000
  6313.15547     3.00000
  6328.76361     3.00000
  6330.75866     3.00000
  6338.65738     3.00000
  6320.40382     3.00000

  6333.44861     3.00000
  6331.12445     3.00000
  6325.18296     3.00000
  6326.81877     3.00000
  6336.61330     3.00000
  6326.81670     3.00000
  6332.20008     3.00000
  6331.58564     3.00000
  6330.85458     3.00000
  6322.58851     3.00000
  6335.63730     3.00000
  6334.01079     3.00000
  6330.58678     3.00000
  6324.24628     3.00000

  6330.89492     3.00000
  6320.52999     3.00000
  6325.18830     3.00000
  6329.69079     3.00000
  6336.01836     3.00000
  6334.81406     3.00000
  6326.27745     3.00000
  6322.71938     3.00000
  6331.40114     3.00000
  6324.32328     3.00000
  6337.12911     3.00000
  6324.37943     3.00000
  6332.16222     3.00000
  6344.14345     3.00000

  6323.38955     3.00000
  6320.53426     3.00000
  6327.16984     3.00000
  6328.41264     3.00000
  6326.96882     3.00000
  6333.32913     3.00000
  6326.21107     3.00000
  6327.05892     3.00000
  6321.59394     3.00000
  6328.29987     3.00000
  6327.00109     3.00000
  6325.47572     3.00000
  6325.59342     3.00000
  6328.60434     3.00000


  6271.00000     0.30000
  6271.00000     0.30000
  6271.00000     0.30000
  6271.00000     0.30000
  6271.00000     0.30000
  6271.00000     0.30000
  6271.00000     0.30000
  6271.00000     0.30000
  6271.00000     0.30000
  6271.00000     0.30000
  6271.00000     0.30000
  6271.00000     0.30000
  6271.00000     0.30000
  6271.00000     0.30000

  6271.00000     0.30000
  6271.00000     0.30000
  6271.00000     0.30000
  6271.00000     0.30000
  6271.00000     0.30000
  6271.00000     0.30000
  6271.00000     0.30000
  6271.00000     0.30000
  6271.00000     0.30000
  6271.00000     0.30000
  6271.00000     0.30000
  6271.00000     0.30000
  6271.00000     0.30000
  6271.00000     0.30000

  6271.00000     0.30000
  6271.00000     0.30000
  6271.00000     0.30000
  6271.00000     0.30000
  6271.00000     0.30000
  6271.00000     0.30000
  6271.00000     0.30000
  6271.00000     0.30000
  6271.00000     0.30000
  6271.00000     0.30000
  6271.00000     0.30000
  6271.00000     0.30000
  6271.00000     0.30000
  6271.00000     0.30000

  6271.00000     0.30000
  6271.00000     0.30000
  6271.00000     0.30000
  6271.00000     0.30000
  6271.00000     0.30000
  6271.00000     0.30000
  6271.00000     0.30000
  6271.00000     0.30000
  6271.00000     0.30000
  6271.00000     0.30000
  6271.00000     0.30000
  6271.00000     0.30000
  6271.00000     0.30000
  6271.00000     0.30000

  6271.00000     0.30000
  6271.00000     0.30000
  6271.00000     0.30000
  6271.00000     0.30000
  6271.00000     0.30000
  6271.00000     0.30000
  6271.00000     0.30000
  6271.00000     0.30000
  6271.00000     0.30000
  6271.00000     0.30000
  6271.00000     0.30000
  6271.00000     0.30000
  6271.00000     0.30000
  6271.00000     0.30000

  6271.00000     0.30000
  6271.00000     0.30000
  6271.00000     0.30000
  6271.00000     0.30000
  6271.00000     0.30000
  6271.00000     0.30000
  6271.00000     0.30000
  6271.00000     0.30000
  6271.00000     0.30000
  6271.00000     0.30000
  6271.00000     0.30000
  6271.00000     0.30000
  6271.00000     0.30000
  6271.00000     0.30000

  6271.00000     0.30000
  6271.00000     0.30000
  6271.00000     0.30000
  6271.00000     0.30000
  6271.00000     0.30000
  6271.00000     0.30000
  6271.00000     0.30000
  6271.00000     0.30000
  6271.00000     0.30000
  6271.00000     0.30000
  6271.00000     0.30000
  6271.00000     0.30000
  6271.00000     0.30000
  6271.00000     0.30000

  6271.00000     0.30000
  6271.00000     0.30000
  6271.00000     0.30000
  6271.00000     0.30000
  6271.00000     0.30000
  6271.00000     0.30000
  6271.00000     0.30000
  6271.00000     0.30000
  6271.00000     0.30000
  6271.00000     0.30000
  6271.00000     0.30000
  6271.00000     0.30000
  6271.00000     0.30000
  6271.00000     0.30000

  6271.00000     0.30000
  6271.00000     0.30000
  6271.00000     0.30000
  6271.00000     0.30000
  6271.00000     0.30000
  6271.00000     0.30000
  6271.00000     0.30000
  6271.00000     0.30000
  6271.00000     0.30000
  6271.00000     0.30000
  6271.00000     0.30000
  6271.00000     0.30000
  6271.00000     0.30000
  6271.00000     0.30000

  6271.00000     0.30000
  6271.00000     0.30000
  6271.00000     0.30000
  6271.00000     0.30000
  6271.00000     0.30000
  6271.00000     0.30000
  6271.00000     0.30000
  6271.00000     0.30000
  6271.00000     0.30000
  6271.00000     0.30000
  6271.00000     0.30000
  6271.00000     0.30000
  6271.00000     0.30000
  6271.00000     0.30000

  6271.00000     0.30000
  6271.00000     0.30000
  6271.00000     0.30000
  6271.00000     0.30000
  6271.00000     0.30000
  6271.00000     0.30000
  6271.00000     0.30000
  6271.00000     0.30000
  6271.00000     0.30000
  6271.00000     0.30000
  6271.00000     0.30000
  6271.00000     0.30000
  6271.00000     0.30000
  6271.00000     0.30000

  6271.00000     0.30000
  6271.00000     0.30000
  6271.00000     0.30000
  6271.00000     0.30000
  6271.00000     0.30000
  6271.00000     0.30000
  6271.00000     0.30000
  6271.00000     0.30000
  6271.00000     0.30000
  6271.00000     0.30000
  6271.00000     0.30000
  6271.00000     0.30000
  6271.00000     0.30000
  6271.00000     0.30000

  6271.00000     0.30000
  6271.00000     0.30000
  6271.00000     0.30000
  6271.00000     0.30000
  6271.00000     0.30000
  6271.00000     0.30000
  6271.00000     0.30000
  6271.00000     0.30000
  6271.00000     0.30000
  6271.00000     0.30000
  6271.00000     0.30000
  6271.00000     0.30000
  6271.00000     0.30000
  6271.00000     0.30000

  6271.00000     0.30000
  6271.00000     0.30000
  6271.00000     0.30000
  6271.00000     0.30000
  6271.00000     0.30000
  6271.00000     0.30000
  6271.00000     0.30000
  6271.00000     0.30000
  6271.00000     0.30000
  6271.00000     0.30000
  6271.00000     0.30000
  6271.00000     0.30000
  6271.00000     0.30000
  6271.00000     0.30000


