         100
  -1.000000      -41.70000       138.3000    
          30
           1           1           2           2           3           3
           4           4           5           5           6           6
           7           7           8           8           9           9
          10          11          12          13          14          15
          16          17          18          19          20          21
           1           2           1           2           1           2
           1           2           1           2           1           2
           1           2           1           2           1           2
           1           1           1           1           1           1
           1           1           1           1           1           1
  -1.000000      -41.70000       138.6778    
          30
           1           1           2           2           3           3
           4           4           5           5           6           6
           7           7           8           8           9           9
          10          11          12          13          14          15
          16          17          18          19          20          21
           1           2           1           2           1           2
           1           2           1           2           1           2
           1           2           1           2           1           2
           1           1           1           1           1           1
           1           1           1           1           1           1
  -1.000000      -41.70000       139.0556    
          30
           1           1           2           2           3           3
           4           4           5           5           6           6
           7           7           8           8           9           9
          10          11          12          13          14          15
          16          17          18          19          20          21
           1           2           1           2           1           2
           1           2           1           2           1           2
           1           2           1           2           1           2
           1           1           1           1           1           1
           1           1           1           1           1           1
  -1.000000      -41.70000       139.4333    
          30
           1           1           2           2           3           3
           4           4           5           5           6           6
           7           7           8           8           9           9
          10          11          12          13          14          15
          16          17          18          19          20          21
           1           2           1           2           1           2
           1           2           1           2           1           2
           1           2           1           2           1           2
           1           1           1           1           1           1
           1           1           1           1           1           1
  -1.000000      -41.70000       139.8111    
          30
           1           1           2           2           3           3
           4           4           5           5           6           6
           7           7           8           8           9           9
          10          11          12          13          14          15
          16          17          18          19          20          21
           1           2           1           2           1           2
           1           2           1           2           1           2
           1           2           1           2           1           2
           1           1           1           1           1           1
           1           1           1           1           1           1
  -1.000000      -41.70000       140.1889    
          30
           1           1           2           2           3           3
           4           4           5           5           6           6
           7           7           8           8           9           9
          10          11          12          13          14          15
          16          17          18          19          20          21
           1           2           1           2           1           2
           1           2           1           2           1           2
           1           2           1           2           1           2
           1           1           1           1           1           1
           1           1           1           1           1           1
  -1.000000      -41.70000       140.5667    
          30
           1           1           2           2           3           3
           4           4           5           5           6           6
           7           7           8           8           9           9
          10          11          12          13          14          15
          16          17          18          19          20          21
           1           2           1           2           1           2
           1           2           1           2           1           2
           1           2           1           2           1           2
           1           1           1           1           1           1
           1           1           1           1           1           1
  -1.000000      -41.70000       140.9444    
          30
           1           1           2           2           3           3
           4           4           5           5           6           6
           7           7           8           8           9           9
          10          11          12          13          14          15
          16          17          18          19          20          21
           1           2           1           2           1           2
           1           2           1           2           1           2
           1           2           1           2           1           2
           1           1           1           1           1           1
           1           1           1           1           1           1
  -1.000000      -41.70000       141.3222    
          30
           1           1           2           2           3           3
           4           4           5           5           6           6
           7           7           8           8           9           9
          10          11          12          13          14          15
          16          17          18          19          20          21
           1           2           1           2           1           2
           1           2           1           2           1           2
           1           2           1           2           1           2
           1           1           1           1           1           1
           1           1           1           1           1           1
  -1.000000      -41.70000       141.7000    
          30
           1           1           2           2           3           3
           4           4           5           5           6           6
           7           7           8           8           9           9
          10          11          12          13          14          15
          16          17          18          19          20          21
           1           2           1           2           1           2
           1           2           1           2           1           2
           1           2           1           2           1           2
           1           1           1           1           1           1
           1           1           1           1           1           1
  -1.000000      -41.43333       138.3000    
          30
           1           1           2           2           3           3
           4           4           5           5           6           6
           7           7           8           8           9           9
          10          11          12          13          14          15
          16          17          18          19          20          21
           1           2           1           2           1           2
           1           2           1           2           1           2
           1           2           1           2           1           2
           1           1           1           1           1           1
           1           1           1           1           1           1
  -1.000000      -41.43333       138.6778    
          30
           1           1           2           2           3           3
           4           4           5           5           6           6
           7           7           8           8           9           9
          10          11          12          13          14          15
          16          17          18          19          20          21
           1           2           1           2           1           2
           1           2           1           2           1           2
           1           2           1           2           1           2
           1           1           1           1           1           1
           1           1           1           1           1           1
  -1.000000      -41.43333       139.0556    
          30
           1           1           2           2           3           3
           4           4           5           5           6           6
           7           7           8           8           9           9
          10          11          12          13          14          15
          16          17          18          19          20          21
           1           2           1           2           1           2
           1           2           1           2           1           2
           1           2           1           2           1           2
           1           1           1           1           1           1
           1           1           1           1           1           1
  -1.000000      -41.43333       139.4333    
          30
           1           1           2           2           3           3
           4           4           5           5           6           6
           7           7           8           8           9           9
          10          11          12          13          14          15
          16          17          18          19          20          21
           1           2           1           2           1           2
           1           2           1           2           1           2
           1           2           1           2           1           2
           1           1           1           1           1           1
           1           1           1           1           1           1
  -1.000000      -41.43333       139.8111    
          30
           1           1           2           2           3           3
           4           4           5           5           6           6
           7           7           8           8           9           9
          10          11          12          13          14          15
          16          17          18          19          20          21
           1           2           1           2           1           2
           1           2           1           2           1           2
           1           2           1           2           1           2
           1           1           1           1           1           1
           1           1           1           1           1           1
  -1.000000      -41.43333       140.1889    
          30
           1           1           2           2           3           3
           4           4           5           5           6           6
           7           7           8           8           9           9
          10          11          12          13          14          15
          16          17          18          19          20          21
           1           2           1           2           1           2
           1           2           1           2           1           2
           1           2           1           2           1           2
           1           1           1           1           1           1
           1           1           1           1           1           1
  -1.000000      -41.43333       140.5667    
          30
           1           1           2           2           3           3
           4           4           5           5           6           6
           7           7           8           8           9           9
          10          11          12          13          14          15
          16          17          18          19          20          21
           1           2           1           2           1           2
           1           2           1           2           1           2
           1           2           1           2           1           2
           1           1           1           1           1           1
           1           1           1           1           1           1
  -1.000000      -41.43333       140.9444    
          30
           1           1           2           2           3           3
           4           4           5           5           6           6
           7           7           8           8           9           9
          10          11          12          13          14          15
          16          17          18          19          20          21
           1           2           1           2           1           2
           1           2           1           2           1           2
           1           2           1           2           1           2
           1           1           1           1           1           1
           1           1           1           1           1           1
  -1.000000      -41.43333       141.3222    
          30
           1           1           2           2           3           3
           4           4           5           5           6           6
           7           7           8           8           9           9
          10          11          12          13          14          15
          16          17          18          19          20          21
           1           2           1           2           1           2
           1           2           1           2           1           2
           1           2           1           2           1           2
           1           1           1           1           1           1
           1           1           1           1           1           1
  -1.000000      -41.43333       141.7000    
          30
           1           1           2           2           3           3
           4           4           5           5           6           6
           7           7           8           8           9           9
          10          11          12          13          14          15
          16          17          18          19          20          21
           1           2           1           2           1           2
           1           2           1           2           1           2
           1           2           1           2           1           2
           1           1           1           1           1           1
           1           1           1           1           1           1
  -1.000000      -41.16667       138.3000    
          30
           1           1           2           2           3           3
           4           4           5           5           6           6
           7           7           8           8           9           9
          10          11          12          13          14          15
          16          17          18          19          20          21
           1           2           1           2           1           2
           1           2           1           2           1           2
           1           2           1           2           1           2
           1           1           1           1           1           1
           1           1           1           1           1           1
  -1.000000      -41.16667       138.6778    
          30
           1           1           2           2           3           3
           4           4           5           5           6           6
           7           7           8           8           9           9
          10          11          12          13          14          15
          16          17          18          19          20          21
           1           2           1           2           1           2
           1           2           1           2           1           2
           1           2           1           2           1           2
           1           1           1           1           1           1
           1           1           1           1           1           1
  -1.000000      -41.16667       139.0556    
          30
           1           1           2           2           3           3
           4           4           5           5           6           6
           7           7           8           8           9           9
          10          11          12          13          14          15
          16          17          18          19          20          21
           1           2           1           2           1           2
           1           2           1           2           1           2
           1           2           1           2           1           2
           1           1           1           1           1           1
           1           1           1           1           1           1
  -1.000000      -41.16667       139.4333    
          30
           1           1           2           2           3           3
           4           4           5           5           6           6
           7           7           8           8           9           9
          10          11          12          13          14          15
          16          17          18          19          20          21
           1           2           1           2           1           2
           1           2           1           2           1           2
           1           2           1           2           1           2
           1           1           1           1           1           1
           1           1           1           1           1           1
  -1.000000      -41.16667       139.8111    
          30
           1           1           2           2           3           3
           4           4           5           5           6           6
           7           7           8           8           9           9
          10          11          12          13          14          15
          16          17          18          19          20          21
           1           2           1           2           1           2
           1           2           1           2           1           2
           1           2           1           2           1           2
           1           1           1           1           1           1
           1           1           1           1           1           1
  -1.000000      -41.16667       140.1889    
          30
           1           1           2           2           3           3
           4           4           5           5           6           6
           7           7           8           8           9           9
          10          11          12          13          14          15
          16          17          18          19          20          21
           1           2           1           2           1           2
           1           2           1           2           1           2
           1           2           1           2           1           2
           1           1           1           1           1           1
           1           1           1           1           1           1
  -1.000000      -41.16667       140.5667    
          30
           1           1           2           2           3           3
           4           4           5           5           6           6
           7           7           8           8           9           9
          10          11          12          13          14          15
          16          17          18          19          20          21
           1           2           1           2           1           2
           1           2           1           2           1           2
           1           2           1           2           1           2
           1           1           1           1           1           1
           1           1           1           1           1           1
  -1.000000      -41.16667       140.9444    
          30
           1           1           2           2           3           3
           4           4           5           5           6           6
           7           7           8           8           9           9
          10          11          12          13          14          15
          16          17          18          19          20          21
           1           2           1           2           1           2
           1           2           1           2           1           2
           1           2           1           2           1           2
           1           1           1           1           1           1
           1           1           1           1           1           1
  -1.000000      -41.16667       141.3222    
          30
           1           1           2           2           3           3
           4           4           5           5           6           6
           7           7           8           8           9           9
          10          11          12          13          14          15
          16          17          18          19          20          21
           1           2           1           2           1           2
           1           2           1           2           1           2
           1           2           1           2           1           2
           1           1           1           1           1           1
           1           1           1           1           1           1
  -1.000000      -41.16667       141.7000    
          30
           1           1           2           2           3           3
           4           4           5           5           6           6
           7           7           8           8           9           9
          10          11          12          13          14          15
          16          17          18          19          20          21
           1           2           1           2           1           2
           1           2           1           2           1           2
           1           2           1           2           1           2
           1           1           1           1           1           1
           1           1           1           1           1           1
  -1.000000      -40.90000       138.3000    
          30
           1           1           2           2           3           3
           4           4           5           5           6           6
           7           7           8           8           9           9
          10          11          12          13          14          15
          16          17          18          19          20          21
           1           2           1           2           1           2
           1           2           1           2           1           2
           1           2           1           2           1           2
           1           1           1           1           1           1
           1           1           1           1           1           1
  -1.000000      -40.90000       138.6778    
          30
           1           1           2           2           3           3
           4           4           5           5           6           6
           7           7           8           8           9           9
          10          11          12          13          14          15
          16          17          18          19          20          21
           1           2           1           2           1           2
           1           2           1           2           1           2
           1           2           1           2           1           2
           1           1           1           1           1           1
           1           1           1           1           1           1
  -1.000000      -40.90000       139.0556    
          30
           1           1           2           2           3           3
           4           4           5           5           6           6
           7           7           8           8           9           9
          10          11          12          13          14          15
          16          17          18          19          20          21
           1           2           1           2           1           2
           1           2           1           2           1           2
           1           2           1           2           1           2
           1           1           1           1           1           1
           1           1           1           1           1           1
  -1.000000      -40.90000       139.4333    
          30
           1           1           2           2           3           3
           4           4           5           5           6           6
           7           7           8           8           9           9
          10          11          12          13          14          15
          16          17          18          19          20          21
           1           2           1           2           1           2
           1           2           1           2           1           2
           1           2           1           2           1           2
           1           1           1           1           1           1
           1           1           1           1           1           1
  -1.000000      -40.90000       139.8111    
          30
           1           1           2           2           3           3
           4           4           5           5           6           6
           7           7           8           8           9           9
          10          11          12          13          14          15
          16          17          18          19          20          21
           1           2           1           2           1           2
           1           2           1           2           1           2
           1           2           1           2           1           2
           1           1           1           1           1           1
           1           1           1           1           1           1
  -1.000000      -40.90000       140.1889    
          30
           1           1           2           2           3           3
           4           4           5           5           6           6
           7           7           8           8           9           9
          10          11          12          13          14          15
          16          17          18          19          20          21
           1           2           1           2           1           2
           1           2           1           2           1           2
           1           2           1           2           1           2
           1           1           1           1           1           1
           1           1           1           1           1           1
  -1.000000      -40.90000       140.5667    
          30
           1           1           2           2           3           3
           4           4           5           5           6           6
           7           7           8           8           9           9
          10          11          12          13          14          15
          16          17          18          19          20          21
           1           2           1           2           1           2
           1           2           1           2           1           2
           1           2           1           2           1           2
           1           1           1           1           1           1
           1           1           1           1           1           1
  -1.000000      -40.90000       140.9444    
          30
           1           1           2           2           3           3
           4           4           5           5           6           6
           7           7           8           8           9           9
          10          11          12          13          14          15
          16          17          18          19          20          21
           1           2           1           2           1           2
           1           2           1           2           1           2
           1           2           1           2           1           2
           1           1           1           1           1           1
           1           1           1           1           1           1
  -1.000000      -40.90000       141.3222    
          30
           1           1           2           2           3           3
           4           4           5           5           6           6
           7           7           8           8           9           9
          10          11          12          13          14          15
          16          17          18          19          20          21
           1           2           1           2           1           2
           1           2           1           2           1           2
           1           2           1           2           1           2
           1           1           1           1           1           1
           1           1           1           1           1           1
  -1.000000      -40.90000       141.7000    
          30
           1           1           2           2           3           3
           4           4           5           5           6           6
           7           7           8           8           9           9
          10          11          12          13          14          15
          16          17          18          19          20          21
           1           2           1           2           1           2
           1           2           1           2           1           2
           1           2           1           2           1           2
           1           1           1           1           1           1
           1           1           1           1           1           1
  -1.000000      -40.63334       138.3000    
          30
           1           1           2           2           3           3
           4           4           5           5           6           6
           7           7           8           8           9           9
          10          11          12          13          14          15
          16          17          18          19          20          21
           1           2           1           2           1           2
           1           2           1           2           1           2
           1           2           1           2           1           2
           1           1           1           1           1           1
           1           1           1           1           1           1
  -1.000000      -40.63334       138.6778    
          30
           1           1           2           2           3           3
           4           4           5           5           6           6
           7           7           8           8           9           9
          10          11          12          13          14          15
          16          17          18          19          20          21
           1           2           1           2           1           2
           1           2           1           2           1           2
           1           2           1           2           1           2
           1           1           1           1           1           1
           1           1           1           1           1           1
  -1.000000      -40.63334       139.0556    
          30
           1           1           2           2           3           3
           4           4           5           5           6           6
           7           7           8           8           9           9
          10          11          12          13          14          15
          16          17          18          19          20          21
           1           2           1           2           1           2
           1           2           1           2           1           2
           1           2           1           2           1           2
           1           1           1           1           1           1
           1           1           1           1           1           1
  -1.000000      -40.63334       139.4333    
          30
           1           1           2           2           3           3
           4           4           5           5           6           6
           7           7           8           8           9           9
          10          11          12          13          14          15
          16          17          18          19          20          21
           1           2           1           2           1           2
           1           2           1           2           1           2
           1           2           1           2           1           2
           1           1           1           1           1           1
           1           1           1           1           1           1
  -1.000000      -40.63334       139.8111    
          30
           1           1           2           2           3           3
           4           4           5           5           6           6
           7           7           8           8           9           9
          10          11          12          13          14          15
          16          17          18          19          20          21
           1           2           1           2           1           2
           1           2           1           2           1           2
           1           2           1           2           1           2
           1           1           1           1           1           1
           1           1           1           1           1           1
  -1.000000      -40.63334       140.1889    
          30
           1           1           2           2           3           3
           4           4           5           5           6           6
           7           7           8           8           9           9
          10          11          12          13          14          15
          16          17          18          19          20          21
           1           2           1           2           1           2
           1           2           1           2           1           2
           1           2           1           2           1           2
           1           1           1           1           1           1
           1           1           1           1           1           1
  -1.000000      -40.63334       140.5667    
          30
           1           1           2           2           3           3
           4           4           5           5           6           6
           7           7           8           8           9           9
          10          11          12          13          14          15
          16          17          18          19          20          21
           1           2           1           2           1           2
           1           2           1           2           1           2
           1           2           1           2           1           2
           1           1           1           1           1           1
           1           1           1           1           1           1
  -1.000000      -40.63334       140.9444    
          30
           1           1           2           2           3           3
           4           4           5           5           6           6
           7           7           8           8           9           9
          10          11          12          13          14          15
          16          17          18          19          20          21
           1           2           1           2           1           2
           1           2           1           2           1           2
           1           2           1           2           1           2
           1           1           1           1           1           1
           1           1           1           1           1           1
  -1.000000      -40.63334       141.3222    
          30
           1           1           2           2           3           3
           4           4           5           5           6           6
           7           7           8           8           9           9
          10          11          12          13          14          15
          16          17          18          19          20          21
           1           2           1           2           1           2
           1           2           1           2           1           2
           1           2           1           2           1           2
           1           1           1           1           1           1
           1           1           1           1           1           1
  -1.000000      -40.63334       141.7000    
          30
           1           1           2           2           3           3
           4           4           5           5           6           6
           7           7           8           8           9           9
          10          11          12          13          14          15
          16          17          18          19          20          21
           1           2           1           2           1           2
           1           2           1           2           1           2
           1           2           1           2           1           2
           1           1           1           1           1           1
           1           1           1           1           1           1
  -1.000000      -40.36666       138.3000    
          30
           1           1           2           2           3           3
           4           4           5           5           6           6
           7           7           8           8           9           9
          10          11          12          13          14          15
          16          17          18          19          20          21
           1           2           1           2           1           2
           1           2           1           2           1           2
           1           2           1           2           1           2
           1           1           1           1           1           1
           1           1           1           1           1           1
  -1.000000      -40.36666       138.6778    
          30
           1           1           2           2           3           3
           4           4           5           5           6           6
           7           7           8           8           9           9
          10          11          12          13          14          15
          16          17          18          19          20          21
           1           2           1           2           1           2
           1           2           1           2           1           2
           1           2           1           2           1           2
           1           1           1           1           1           1
           1           1           1           1           1           1
  -1.000000      -40.36666       139.0556    
          30
           1           1           2           2           3           3
           4           4           5           5           6           6
           7           7           8           8           9           9
          10          11          12          13          14          15
          16          17          18          19          20          21
           1           2           1           2           1           2
           1           2           1           2           1           2
           1           2           1           2           1           2
           1           1           1           1           1           1
           1           1           1           1           1           1
  -1.000000      -40.36666       139.4333    
          30
           1           1           2           2           3           3
           4           4           5           5           6           6
           7           7           8           8           9           9
          10          11          12          13          14          15
          16          17          18          19          20          21
           1           2           1           2           1           2
           1           2           1           2           1           2
           1           2           1           2           1           2
           1           1           1           1           1           1
           1           1           1           1           1           1
  -1.000000      -40.36666       139.8111    
          30
           1           1           2           2           3           3
           4           4           5           5           6           6
           7           7           8           8           9           9
          10          11          12          13          14          15
          16          17          18          19          20          21
           1           2           1           2           1           2
           1           2           1           2           1           2
           1           2           1           2           1           2
           1           1           1           1           1           1
           1           1           1           1           1           1
  -1.000000      -40.36666       140.1889    
          30
           1           1           2           2           3           3
           4           4           5           5           6           6
           7           7           8           8           9           9
          10          11          12          13          14          15
          16          17          18          19          20          21
           1           2           1           2           1           2
           1           2           1           2           1           2
           1           2           1           2           1           2
           1           1           1           1           1           1
           1           1           1           1           1           1
  -1.000000      -40.36666       140.5667    
          30
           1           1           2           2           3           3
           4           4           5           5           6           6
           7           7           8           8           9           9
          10          11          12          13          14          15
          16          17          18          19          20          21
           1           2           1           2           1           2
           1           2           1           2           1           2
           1           2           1           2           1           2
           1           1           1           1           1           1
           1           1           1           1           1           1
  -1.000000      -40.36666       140.9444    
          30
           1           1           2           2           3           3
           4           4           5           5           6           6
           7           7           8           8           9           9
          10          11          12          13          14          15
          16          17          18          19          20          21
           1           2           1           2           1           2
           1           2           1           2           1           2
           1           2           1           2           1           2
           1           1           1           1           1           1
           1           1           1           1           1           1
  -1.000000      -40.36666       141.3222    
          30
           1           1           2           2           3           3
           4           4           5           5           6           6
           7           7           8           8           9           9
          10          11          12          13          14          15
          16          17          18          19          20          21
           1           2           1           2           1           2
           1           2           1           2           1           2
           1           2           1           2           1           2
           1           1           1           1           1           1
           1           1           1           1           1           1
  -1.000000      -40.36666       141.7000    
          30
           1           1           2           2           3           3
           4           4           5           5           6           6
           7           7           8           8           9           9
          10          11          12          13          14          15
          16          17          18          19          20          21
           1           2           1           2           1           2
           1           2           1           2           1           2
           1           2           1           2           1           2
           1           1           1           1           1           1
           1           1           1           1           1           1
  -1.000000      -40.10000       138.3000    
          30
           1           1           2           2           3           3
           4           4           5           5           6           6
           7           7           8           8           9           9
          10          11          12          13          14          15
          16          17          18          19          20          21
           1           2           1           2           1           2
           1           2           1           2           1           2
           1           2           1           2           1           2
           1           1           1           1           1           1
           1           1           1           1           1           1
  -1.000000      -40.10000       138.6778    
          30
           1           1           2           2           3           3
           4           4           5           5           6           6
           7           7           8           8           9           9
          10          11          12          13          14          15
          16          17          18          19          20          21
           1           2           1           2           1           2
           1           2           1           2           1           2
           1           2           1           2           1           2
           1           1           1           1           1           1
           1           1           1           1           1           1
  -1.000000      -40.10000       139.0556    
          30
           1           1           2           2           3           3
           4           4           5           5           6           6
           7           7           8           8           9           9
          10          11          12          13          14          15
          16          17          18          19          20          21
           1           2           1           2           1           2
           1           2           1           2           1           2
           1           2           1           2           1           2
           1           1           1           1           1           1
           1           1           1           1           1           1
  -1.000000      -40.10000       139.4333    
          30
           1           1           2           2           3           3
           4           4           5           5           6           6
           7           7           8           8           9           9
          10          11          12          13          14          15
          16          17          18          19          20          21
           1           2           1           2           1           2
           1           2           1           2           1           2
           1           2           1           2           1           2
           1           1           1           1           1           1
           1           1           1           1           1           1
  -1.000000      -40.10000       139.8111    
          30
           1           1           2           2           3           3
           4           4           5           5           6           6
           7           7           8           8           9           9
          10          11          12          13          14          15
          16          17          18          19          20          21
           1           2           1           2           1           2
           1           2           1           2           1           2
           1           2           1           2           1           2
           1           1           1           1           1           1
           1           1           1           1           1           1
  -1.000000      -40.10000       140.1889    
          30
           1           1           2           2           3           3
           4           4           5           5           6           6
           7           7           8           8           9           9
          10          11          12          13          14          15
          16          17          18          19          20          21
           1           2           1           2           1           2
           1           2           1           2           1           2
           1           2           1           2           1           2
           1           1           1           1           1           1
           1           1           1           1           1           1
  -1.000000      -40.10000       140.5667    
          30
           1           1           2           2           3           3
           4           4           5           5           6           6
           7           7           8           8           9           9
          10          11          12          13          14          15
          16          17          18          19          20          21
           1           2           1           2           1           2
           1           2           1           2           1           2
           1           2           1           2           1           2
           1           1           1           1           1           1
           1           1           1           1           1           1
  -1.000000      -40.10000       140.9444    
          30
           1           1           2           2           3           3
           4           4           5           5           6           6
           7           7           8           8           9           9
          10          11          12          13          14          15
          16          17          18          19          20          21
           1           2           1           2           1           2
           1           2           1           2           1           2
           1           2           1           2           1           2
           1           1           1           1           1           1
           1           1           1           1           1           1
  -1.000000      -40.10000       141.3222    
          30
           1           1           2           2           3           3
           4           4           5           5           6           6
           7           7           8           8           9           9
          10          11          12          13          14          15
          16          17          18          19          20          21
           1           2           1           2           1           2
           1           2           1           2           1           2
           1           2           1           2           1           2
           1           1           1           1           1           1
           1           1           1           1           1           1
  -1.000000      -40.10000       141.7000    
          30
           1           1           2           2           3           3
           4           4           5           5           6           6
           7           7           8           8           9           9
          10          11          12          13          14          15
          16          17          18          19          20          21
           1           2           1           2           1           2
           1           2           1           2           1           2
           1           2           1           2           1           2
           1           1           1           1           1           1
           1           1           1           1           1           1
  -1.000000      -39.83333       138.3000    
          30
           1           1           2           2           3           3
           4           4           5           5           6           6
           7           7           8           8           9           9
          10          11          12          13          14          15
          16          17          18          19          20          21
           1           2           1           2           1           2
           1           2           1           2           1           2
           1           2           1           2           1           2
           1           1           1           1           1           1
           1           1           1           1           1           1
  -1.000000      -39.83333       138.6778    
          30
           1           1           2           2           3           3
           4           4           5           5           6           6
           7           7           8           8           9           9
          10          11          12          13          14          15
          16          17          18          19          20          21
           1           2           1           2           1           2
           1           2           1           2           1           2
           1           2           1           2           1           2
           1           1           1           1           1           1
           1           1           1           1           1           1
  -1.000000      -39.83333       139.0556    
          30
           1           1           2           2           3           3
           4           4           5           5           6           6
           7           7           8           8           9           9
          10          11          12          13          14          15
          16          17          18          19          20          21
           1           2           1           2           1           2
           1           2           1           2           1           2
           1           2           1           2           1           2
           1           1           1           1           1           1
           1           1           1           1           1           1
  -1.000000      -39.83333       139.4333    
          30
           1           1           2           2           3           3
           4           4           5           5           6           6
           7           7           8           8           9           9
          10          11          12          13          14          15
          16          17          18          19          20          21
           1           2           1           2           1           2
           1           2           1           2           1           2
           1           2           1           2           1           2
           1           1           1           1           1           1
           1           1           1           1           1           1
  -1.000000      -39.83333       139.8111    
          30
           1           1           2           2           3           3
           4           4           5           5           6           6
           7           7           8           8           9           9
          10          11          12          13          14          15
          16          17          18          19          20          21
           1           2           1           2           1           2
           1           2           1           2           1           2
           1           2           1           2           1           2
           1           1           1           1           1           1
           1           1           1           1           1           1
  -1.000000      -39.83333       140.1889    
          30
           1           1           2           2           3           3
           4           4           5           5           6           6
           7           7           8           8           9           9
          10          11          12          13          14          15
          16          17          18          19          20          21
           1           2           1           2           1           2
           1           2           1           2           1           2
           1           2           1           2           1           2
           1           1           1           1           1           1
           1           1           1           1           1           1
  -1.000000      -39.83333       140.5667    
          30
           1           1           2           2           3           3
           4           4           5           5           6           6
           7           7           8           8           9           9
          10          11          12          13          14          15
          16          17          18          19          20          21
           1           2           1           2           1           2
           1           2           1           2           1           2
           1           2           1           2           1           2
           1           1           1           1           1           1
           1           1           1           1           1           1
  -1.000000      -39.83333       140.9444    
          30
           1           1           2           2           3           3
           4           4           5           5           6           6
           7           7           8           8           9           9
          10          11          12          13          14          15
          16          17          18          19          20          21
           1           2           1           2           1           2
           1           2           1           2           1           2
           1           2           1           2           1           2
           1           1           1           1           1           1
           1           1           1           1           1           1
  -1.000000      -39.83333       141.3222    
          30
           1           1           2           2           3           3
           4           4           5           5           6           6
           7           7           8           8           9           9
          10          11          12          13          14          15
          16          17          18          19          20          21
           1           2           1           2           1           2
           1           2           1           2           1           2
           1           2           1           2           1           2
           1           1           1           1           1           1
           1           1           1           1           1           1
  -1.000000      -39.83333       141.7000    
          30
           1           1           2           2           3           3
           4           4           5           5           6           6
           7           7           8           8           9           9
          10          11          12          13          14          15
          16          17          18          19          20          21
           1           2           1           2           1           2
           1           2           1           2           1           2
           1           2           1           2           1           2
           1           1           1           1           1           1
           1           1           1           1           1           1
  -1.000000      -39.56667       138.3000    
          30
           1           1           2           2           3           3
           4           4           5           5           6           6
           7           7           8           8           9           9
          10          11          12          13          14          15
          16          17          18          19          20          21
           1           2           1           2           1           2
           1           2           1           2           1           2
           1           2           1           2           1           2
           1           1           1           1           1           1
           1           1           1           1           1           1
  -1.000000      -39.56667       138.6778    
          30
           1           1           2           2           3           3
           4           4           5           5           6           6
           7           7           8           8           9           9
          10          11          12          13          14          15
          16          17          18          19          20          21
           1           2           1           2           1           2
           1           2           1           2           1           2
           1           2           1           2           1           2
           1           1           1           1           1           1
           1           1           1           1           1           1
  -1.000000      -39.56667       139.0556    
          30
           1           1           2           2           3           3
           4           4           5           5           6           6
           7           7           8           8           9           9
          10          11          12          13          14          15
          16          17          18          19          20          21
           1           2           1           2           1           2
           1           2           1           2           1           2
           1           2           1           2           1           2
           1           1           1           1           1           1
           1           1           1           1           1           1
  -1.000000      -39.56667       139.4333    
          30
           1           1           2           2           3           3
           4           4           5           5           6           6
           7           7           8           8           9           9
          10          11          12          13          14          15
          16          17          18          19          20          21
           1           2           1           2           1           2
           1           2           1           2           1           2
           1           2           1           2           1           2
           1           1           1           1           1           1
           1           1           1           1           1           1
  -1.000000      -39.56667       139.8111    
          30
           1           1           2           2           3           3
           4           4           5           5           6           6
           7           7           8           8           9           9
          10          11          12          13          14          15
          16          17          18          19          20          21
           1           2           1           2           1           2
           1           2           1           2           1           2
           1           2           1           2           1           2
           1           1           1           1           1           1
           1           1           1           1           1           1
  -1.000000      -39.56667       140.1889    
          30
           1           1           2           2           3           3
           4           4           5           5           6           6
           7           7           8           8           9           9
          10          11          12          13          14          15
          16          17          18          19          20          21
           1           2           1           2           1           2
           1           2           1           2           1           2
           1           2           1           2           1           2
           1           1           1           1           1           1
           1           1           1           1           1           1
  -1.000000      -39.56667       140.5667    
          30
           1           1           2           2           3           3
           4           4           5           5           6           6
           7           7           8           8           9           9
          10          11          12          13          14          15
          16          17          18          19          20          21
           1           2           1           2           1           2
           1           2           1           2           1           2
           1           2           1           2           1           2
           1           1           1           1           1           1
           1           1           1           1           1           1
  -1.000000      -39.56667       140.9444    
          30
           1           1           2           2           3           3
           4           4           5           5           6           6
           7           7           8           8           9           9
          10          11          12          13          14          15
          16          17          18          19          20          21
           1           2           1           2           1           2
           1           2           1           2           1           2
           1           2           1           2           1           2
           1           1           1           1           1           1
           1           1           1           1           1           1
  -1.000000      -39.56667       141.3222    
          30
           1           1           2           2           3           3
           4           4           5           5           6           6
           7           7           8           8           9           9
          10          11          12          13          14          15
          16          17          18          19          20          21
           1           2           1           2           1           2
           1           2           1           2           1           2
           1           2           1           2           1           2
           1           1           1           1           1           1
           1           1           1           1           1           1
  -1.000000      -39.56667       141.7000    
          30
           1           1           2           2           3           3
           4           4           5           5           6           6
           7           7           8           8           9           9
          10          11          12          13          14          15
          16          17          18          19          20          21
           1           2           1           2           1           2
           1           2           1           2           1           2
           1           2           1           2           1           2
           1           1           1           1           1           1
           1           1           1           1           1           1
  -1.000000      -39.30000       138.3000    
          30
           1           1           2           2           3           3
           4           4           5           5           6           6
           7           7           8           8           9           9
          10          11          12          13          14          15
          16          17          18          19          20          21
           1           2           1           2           1           2
           1           2           1           2           1           2
           1           2           1           2           1           2
           1           1           1           1           1           1
           1           1           1           1           1           1
  -1.000000      -39.30000       138.6778    
          30
           1           1           2           2           3           3
           4           4           5           5           6           6
           7           7           8           8           9           9
          10          11          12          13          14          15
          16          17          18          19          20          21
           1           2           1           2           1           2
           1           2           1           2           1           2
           1           2           1           2           1           2
           1           1           1           1           1           1
           1           1           1           1           1           1
  -1.000000      -39.30000       139.0556    
          30
           1           1           2           2           3           3
           4           4           5           5           6           6
           7           7           8           8           9           9
          10          11          12          13          14          15
          16          17          18          19          20          21
           1           2           1           2           1           2
           1           2           1           2           1           2
           1           2           1           2           1           2
           1           1           1           1           1           1
           1           1           1           1           1           1
  -1.000000      -39.30000       139.4333    
          30
           1           1           2           2           3           3
           4           4           5           5           6           6
           7           7           8           8           9           9
          10          11          12          13          14          15
          16          17          18          19          20          21
           1           2           1           2           1           2
           1           2           1           2           1           2
           1           2           1           2           1           2
           1           1           1           1           1           1
           1           1           1           1           1           1
  -1.000000      -39.30000       139.8111    
          30
           1           1           2           2           3           3
           4           4           5           5           6           6
           7           7           8           8           9           9
          10          11          12          13          14          15
          16          17          18          19          20          21
           1           2           1           2           1           2
           1           2           1           2           1           2
           1           2           1           2           1           2
           1           1           1           1           1           1
           1           1           1           1           1           1
  -1.000000      -39.30000       140.1889    
          30
           1           1           2           2           3           3
           4           4           5           5           6           6
           7           7           8           8           9           9
          10          11          12          13          14          15
          16          17          18          19          20          21
           1           2           1           2           1           2
           1           2           1           2           1           2
           1           2           1           2           1           2
           1           1           1           1           1           1
           1           1           1           1           1           1
  -1.000000      -39.30000       140.5667    
          30
           1           1           2           2           3           3
           4           4           5           5           6           6
           7           7           8           8           9           9
          10          11          12          13          14          15
          16          17          18          19          20          21
           1           2           1           2           1           2
           1           2           1           2           1           2
           1           2           1           2           1           2
           1           1           1           1           1           1
           1           1           1           1           1           1
  -1.000000      -39.30000       140.9444    
          30
           1           1           2           2           3           3
           4           4           5           5           6           6
           7           7           8           8           9           9
          10          11          12          13          14          15
          16          17          18          19          20          21
           1           2           1           2           1           2
           1           2           1           2           1           2
           1           2           1           2           1           2
           1           1           1           1           1           1
           1           1           1           1           1           1
  -1.000000      -39.30000       141.3222    
          30
           1           1           2           2           3           3
           4           4           5           5           6           6
           7           7           8           8           9           9
          10          11          12          13          14          15
          16          17          18          19          20          21
           1           2           1           2           1           2
           1           2           1           2           1           2
           1           2           1           2           1           2
           1           1           1           1           1           1
           1           1           1           1           1           1
  -1.000000      -39.30000       141.7000    
          30
           1           1           2           2           3           3
           4           4           5           5           6           6
           7           7           8           8           9           9
          10          11          12          13          14          15
          16          17          18          19          20          21
           1           2           1           2           1           2
           1           2           1           2           1           2
           1           2           1           2           1           2
           1           1           1           1           1           1
           1           1           1           1           1           1
