          21
           0
  -1.000000      -41.50000       138.5000    
           2
           2
           0           2           2           1
           1           1
           1
           0           1
           1
           0
  -1.000000      -41.50000       140.0000    
           2
           2
           0           2           2           1
           1           1
           1
           0           1
           1
           0
  -1.000000      -41.50000       141.5000    
           2
           2
           0           2           2           1
           1           1
           1
           0           1
           1
           0
  -1.000000      -40.50000       138.5000    
           2
           2
           0           2           2           1
           1           1
           1
           0           1
           1
           0
  -1.000000      -40.50000       140.0000    
           2
           2
           0           2           2           1
           1           1
           1
           0           1
           1
           0
  -1.000000      -40.50000       141.5000    
           2
           2
           0           2           2           1
           1           1
           1
           0           1
           1
           0
  -1.000000      -39.50000       138.5000    
           2
           2
           0           2           2           1
           1           1
           1
           0           1
           1
           0
  -1.000000      -39.50000       140.0000    
           2
           2
           0           2           2           1
           1           1
           1
           0           1
           1
           0
  -1.000000      -39.50000       141.5000    
           2
           2
           0           2           2           1
           1           1
           1
           0           1
           1
           1
P         
   33.00000      -33.00000       80.00000    
           1
           2
           3           2           2           1
           1           1
           1
P         
   33.00000      -13.00000       190.0000    
           1
           2
           3           2           2           1
           1           1
           1
PcP       
   33.00000      -30.00000       180.0000    
           1
           2
           3           2           2           1
           1           1
           1
P         
   33.00000       10.00000       100.0000    
           1
           2
           3           2           2           1
           1           1
           1
P         
   33.00000       15.00000       140.0000    
           1
           2
           3           2           2           1
           1           1
           1
P         
   33.00000       8.340000       93.43000    
           1
           2
           3           2           2           1
           1           1
           1
P         
   33.00000       29.28000       138.9700    
           1
           2
           3           2           2           1
           1           1
           1
P         
   33.00000      -55.79000      -26.84000    
           1
           2
           3           2           2           1
           1           1
           1
P         
   33.00000       48.52000       153.2600    
           1
           2
           3           2           2           1
           1           1
           1
P         
   33.00000      -47.80000       99.75000    
           1
           2
           3           2           2           1
           1           1
           1
P         
   33.00000      -1.140000       127.0900    
           1
           2
           3           2           2           1
           1           1
           1
P         
   33.00000      -56.13000      -122.3100    
           1
           2
           3           2           2           1
           1           1
