         500
           1           1           1           0   21.6496530000000     
  0.100000000000000     
           2           1           1           0   19.5771980000000     
  0.100000000000000     
           3           1           1           0   18.3696290000000     
  0.100000000000000     
           4           1           1           0   17.3720040000000     
  0.100000000000000     
           5           1           1           0   17.0900470000000     
  0.100000000000000     
           6           1           1           0  -99.7500000000000     
  0.100000000000000     
           7           1           1           0   16.5397610000000     
  0.100000000000000     
           8           1           1           0   18.3920310000000     
  0.100000000000000     
           9           1           1           0   21.4973350000000     
  0.100000000000000     
          10           1           1           0   23.7529040000000     
  0.100000000000000     
          11           1           1           0   20.5964100000000     
  0.100000000000000     
          12           1           1           0   17.9563810000000     
  0.100000000000000     
          13           1           1           0   16.3261030000000     
  0.100000000000000     
          14           1           1           0   14.8331630000000     
  0.100000000000000     
          15           1           1           0   14.2943460000000     
  0.100000000000000     
          16           1           1           0   14.5536100000000     
  0.100000000000000     
          17           1           1           0   15.2021970000000     
  0.100000000000000     
          18           1           1           0   16.6333820000000     
  0.100000000000000     
          19           1           1           0   19.5097180000000     
  0.100000000000000     
          20           1           1           0   22.2590100000000     
  0.100000000000000     
          21           1           1           0   19.3176280000000     
  0.100000000000000     
          22           1           1           0   16.3826070000000     
  0.100000000000000     
          23           1           1           0   13.9658100000000     
  0.100000000000000     
          24           1           1           0   12.3895890000000     
  0.100000000000000     
          25           1           1           0   11.7111350000000     
  0.100000000000000     
          26           1           1           0   12.6762020000000     
  0.100000000000000     
          27           1           1           0   13.5795930000000     
  0.100000000000000     
          28           1           1           0   15.2880720000000     
  0.100000000000000     
          29           1           1           0   18.5504320000000     
  0.100000000000000     
          30           1           1           0   21.6621900000000     
  0.100000000000000     
          31           1           1           0   17.9732470000000     
  0.100000000000000     
          32           1           1           0   15.0918420000000     
  0.100000000000000     
          33           1           1           0   12.6885520000000     
  0.100000000000000     
          34           1           1           0   11.1463370000000     
  0.100000000000000     
          35           1           1           0   10.3043990000000     
  0.100000000000000     
          36           1           1           0   10.8784250000000     
  0.100000000000000     
          37           1           1           0   12.1788880000000     
  0.100000000000000     
          38           1           1           0   14.4817210000000     
  0.100000000000000     
          39           1           1           0   17.8254160000000     
  0.100000000000000     
          40           1           1           0   20.1982460000000     
  0.100000000000000     
          41           1           1           0   17.0988030000000     
  0.100000000000000     
          42           1           1           0   14.4764950000000     
  0.100000000000000     
          43           1           1           0   12.4677510000000     
  0.100000000000000     
          44           1           1           0   10.7633340000000     
  0.100000000000000     
          45           1           1           0   9.31159300000000     
  0.100000000000000     
          46           1           1           0   9.72931100000000     
  0.100000000000000     
          47           1           1           0   11.7413010000000     
  0.100000000000000     
          48           1           1           0   14.1244060000000     
  0.100000000000000     
          49           1           1           0   16.5117740000000     
  0.100000000000000     
          50           1           1           0   19.3245400000000     
  0.100000000000000     
          51           1           1           0   17.4038670000000     
  0.100000000000000     
          52           1           1           0   14.5682470000000     
  0.100000000000000     
          53           1           1           0   12.5584800000000     
  0.100000000000000     
          54           1           1           0   10.2690010000000     
  0.100000000000000     
          55           1           1           0   8.86263000000000     
  0.100000000000000     
          56           1           1           0   9.56015600000000     
  0.100000000000000     
          57           1           1           0   12.0685300000000     
  0.100000000000000     
          58           1           1           0   14.2489440000000     
  0.100000000000000     
          59           1           1           0   16.4371380000000     
  0.100000000000000     
          60           1           1           0   19.3124480000000     
  0.100000000000000     
          61           1           1           0   18.1253130000000     
  0.100000000000000     
          62           1           1           0   15.5446820000000     
  0.100000000000000     
          63           1           1           0   13.4072780000000     
  0.100000000000000     
          64           1           1           0   11.0062150000000     
  0.100000000000000     
          65           1           1           0   9.79948800000000     
  0.100000000000000     
          66           1           1           0   10.3779390000000     
  0.100000000000000     
          67           1           1           0   12.3166740000000     
  0.100000000000000     
          68           1           1           0   14.5259840000000     
  0.100000000000000     
          69           1           1           0   16.8747100000000     
  0.100000000000000     
          70           1           1           0   20.0314200000000     
  0.100000000000000     
          71           1           1           0   19.2472200000000     
  0.100000000000000     
          72           1           1           0  -99.7500000000000     
  0.100000000000000     
          73           1           1           0   14.6409050000000     
  0.100000000000000     
          74           1           1           0   12.7347660000000     
  0.100000000000000     
          75           1           1           0   12.0960220000000     
  0.100000000000000     
          76           1           1           0   12.5819430000000     
  0.100000000000000     
          77           1           1           0   14.1061310000000     
  0.100000000000000     
          78           1           1           0   15.6778740000000     
  0.100000000000000     
          79           1           1           0   17.8114910000000     
  0.100000000000000     
          80           1           1           0   21.2889060000000     
  0.100000000000000     
          81           1           1           0  -99.7500000000000     
  0.100000000000000     
          82           1           1           0  -99.7500000000000     
  0.100000000000000     
          83           1           1           0   16.0528850000000     
  0.100000000000000     
          84           1           1           0   15.2091430000000     
  0.100000000000000     
          85           1           1           0   14.9719110000000     
  0.100000000000000     
          86           1           1           0   15.0649440000000     
  0.100000000000000     
          87           1           1           0   16.1292500000000     
  0.100000000000000     
          88           1           1           0   16.7898040000000     
  0.100000000000000     
          89           1           1           0   18.8304030000000     
  0.100000000000000     
          90           1           1           0   22.2013360000000     
  0.100000000000000     
          91           1           1           0  -99.7500000000000     
  0.100000000000000     
          92           1           1           0   19.7184570000000     
  0.100000000000000     
          93           1           1           0   18.0785100000000     
  0.100000000000000     
          94           1           1           0   17.6493810000000     
  0.100000000000000     
          95           1           1           0   16.8141670000000     
  0.100000000000000     
          96           1           1           0   17.3067040000000     
  0.100000000000000     
          97           1           1           0   17.7396640000000     
  0.100000000000000     
          98           1           1           0   18.2463240000000     
  0.100000000000000     
          99           1           1           0   20.2877390000000     
  0.100000000000000     
         100           1           1           0   23.7335070000000     
  0.100000000000000     
           1           2           2           0   23.0797770000000     
  0.100000000000000     
           2           2           2           0   20.8237810000000     
  0.100000000000000     
           3           2           2           0   19.1974590000000     
  0.100000000000000     
           4           2           2           0   17.8684310000000     
  0.100000000000000     
           5           2           2           0   17.0058780000000     
  0.100000000000000     
           6           2           2           0  -99.7500000000000     
  0.100000000000000     
           7           2           2           0   15.7033490000000     
  0.100000000000000     
           8           2           2           0   17.3261100000000     
  0.100000000000000     
           9           2           2           0  -99.7500000000000     
  0.100000000000000     
          10           2           2           0   22.0900380000000     
  0.100000000000000     
          11           2           2           0   22.2171210000000     
  0.100000000000000     
          12           2           2           0   19.4697440000000     
  0.100000000000000     
          13           2           2           0   17.5869700000000     
  0.100000000000000     
          14           2           2           0   15.6454240000000     
  0.100000000000000     
          15           2           2           0   14.4751840000000     
  0.100000000000000     
          16           2           2           0   13.9450900000000     
  0.100000000000000     
          17           2           2           0   14.1786230000000     
  0.100000000000000     
          18           2           2           0   15.3250820000000     
  0.100000000000000     
          19           2           2           0   18.0411800000000     
  0.100000000000000     
          20           2           2           0   20.5081610000000     
  0.100000000000000     
          21           2           2           0   21.1518340000000     
  0.100000000000000     
          22           2           2           0   18.1328760000000     
  0.100000000000000     
          23           2           2           0   15.5389560000000     
  0.100000000000000     
          24           2           2           0   13.3753630000000     
  0.100000000000000     
          25           2           2           0   11.9923240000000     
  0.100000000000000     
          26           2           2           0   12.0800680000000     
  0.100000000000000     
          27           2           2           0   12.3214510000000     
  0.100000000000000     
          28           2           2           0   13.7694250000000     
  0.100000000000000     
          29           2           2           0   16.8960450000000     
  0.100000000000000     
          30           2           2           0   19.7559200000000     
  0.100000000000000     
          31           2           2           0   19.9153400000000     
  0.100000000000000     
          32           2           2           0   16.9744070000000     
  0.100000000000000     
          33           2           2           0   14.4477540000000     
  0.100000000000000     
          34           2           2           0   12.3156860000000     
  0.100000000000000     
          35           2           2           0   10.6155400000000     
  0.100000000000000     
          36           2           2           0   10.1784750000000     
  0.100000000000000     
          37           2           2           0   10.7766400000000     
  0.100000000000000     
          38           2           2           0   12.7471720000000     
  0.100000000000000     
          39           2           2           0   15.8729290000000     
  0.100000000000000     
          40           2           2           0   18.2061520000000     
  0.100000000000000     
          41           2           2           0   19.0635180000000     
  0.100000000000000     
          42           2           2           0   16.4213560000000     
  0.100000000000000     
          43           2           2           0   14.3875870000000     
  0.100000000000000     
          44           2           2           0   11.9712510000000     
  0.100000000000000     
          45           2           2           0   9.58497900000000     
  0.100000000000000     
          46           2           2           0   8.98260700000000     
  0.100000000000000     
          47           2           2           0   10.1973310000000     
  0.100000000000000     
          48           2           2           0   12.1659420000000     
  0.100000000000000     
          49           2           2           0   14.4742660000000     
  0.100000000000000     
          50           2           2           0   17.3006910000000     
  0.100000000000000     
          51           2           2           0   19.3903970000000     
  0.100000000000000     
          52           2           2           0   16.5480750000000     
  0.100000000000000     
          53           2           2           0   14.3780980000000     
  0.100000000000000     
          54           2           2           0   11.2904210000000     
  0.100000000000000     
          55           2           2           0   9.17904100000000     
  0.100000000000000     
          56           2           2           0   8.91119900000000     
  0.100000000000000     
          57           2           2           0   10.5204660000000     
  0.100000000000000     
          58           2           2           0   12.2471820000000     
  0.100000000000000     
          59           2           2           0   14.4062360000000     
  0.100000000000000     
          60           2           2           0   17.2719600000000     
  0.100000000000000     
          61           2           2           0   20.1078760000000     
  0.100000000000000     
          62           2           2           0   17.5172410000000     
  0.100000000000000     
          63           2           2           0   15.0323970000000     
  0.100000000000000     
          64           2           2           0   11.9353310000000     
  0.100000000000000     
          65           2           2           0   10.0908610000000     
  0.100000000000000     
          66           2           2           0   9.77772500000000     
  0.100000000000000     
          67           2           2           0   10.8844280000000     
  0.100000000000000     
          68           2           2           0   12.6251700000000     
  0.100000000000000     
          69           2           2           0   14.9169140000000     
  0.100000000000000     
          70           2           2           0   18.0380790000000     
  0.100000000000000     
          71           2           2           0   21.1652700000000     
  0.100000000000000     
          72           2           2           0  -99.7500000000000     
  0.100000000000000     
          73           2           2           0   16.2029140000000     
  0.100000000000000     
          74           2           2           0   13.6277030000000     
  0.100000000000000     
          75           2           2           0   12.3089130000000     
  0.100000000000000     
          76           2           2           0   11.9124110000000     
  0.100000000000000     
          77           2           2           0   12.8685990000000     
  0.100000000000000     
          78           2           2           0   13.8947920000000     
  0.100000000000000     
          79           2           2           0   15.9499990000000     
  0.100000000000000     
          80           2           2           0   19.3808300000000     
  0.100000000000000     
          81           2           2           0  -99.7500000000000     
  0.100000000000000     
          82           2           2           0   19.8109970000000     
  0.100000000000000     
          83           2           2           0   17.4771680000000     
  0.100000000000000     
          84           2           2           0   16.1790820000000     
  0.100000000000000     
          85           2           2           0   15.0415920000000     
  0.100000000000000     
          86           2           2           0   14.3305890000000     
  0.100000000000000     
          87           2           2           0   14.8692890000000     
  0.100000000000000     
          88           2           2           0   15.1373830000000     
  0.100000000000000     
          89           2           2           0   17.0868510000000     
  0.100000000000000     
          90           2           2           0   20.3774600000000     
  0.100000000000000     
          91           2           2           0   23.8225830000000     
  0.100000000000000     
          92           2           2           0   21.1655470000000     
  0.100000000000000     
          93           2           2           0   19.3517020000000     
  0.100000000000000     
          94           2           2           0   18.3227610000000     
  0.100000000000000     
          95           2           2           0   17.0075660000000     
  0.100000000000000     
          96           2           2           0   16.6863670000000     
  0.100000000000000     
          97           2           2           0   16.4820170000000     
  0.100000000000000     
          98           2           2           0   16.6748390000000     
  0.100000000000000     
          99           2           2           0   18.6012620000000     
  0.100000000000000     
         100           2           2           0   21.9581700000000     
  0.100000000000000     
           1           3           3           0   22.3859840000000     
  0.100000000000000     
           2           3           3           0   20.2193600000000     
  0.100000000000000     
           3           3           3           0   18.7648470000000     
  0.100000000000000     
           4           3           3           0   17.5771450000000     
  0.100000000000000     
           5           3           3           0   16.9863630000000     
  0.100000000000000     
           6           3           3           0  -99.7500000000000     
  0.100000000000000     
           7           3           3           0   16.0488870000000     
  0.100000000000000     
           8           3           3           0   17.7810850000000     
  0.100000000000000     
           9           3           3           0   20.7979280000000     
  0.100000000000000     
          10           3           3           0   22.8741250000000     
  0.100000000000000     
          11           3           3           0   21.4265310000000     
  0.100000000000000     
          12           3           3           0   18.7277300000000     
  0.100000000000000     
          13           3           3           0   16.9646060000000     
  0.100000000000000     
          14           3           3           0   15.2054370000000     
  0.100000000000000     
          15           3           3           0   14.3274000000000     
  0.100000000000000     
          16           3           3           0   14.1735230000000     
  0.100000000000000     
          17           3           3           0   14.6101300000000     
  0.100000000000000     
          18           3           3           0   15.9061210000000     
  0.100000000000000     
          19           3           3           0   18.7068530000000     
  0.100000000000000     
          20           3           3           0   21.3357160000000     
  0.100000000000000     
          21           3           3           0   20.2524350000000     
  0.100000000000000     
          22           3           3           0   17.2593680000000     
  0.100000000000000     
          23           3           3           0   14.7489260000000     
  0.100000000000000     
          24           3           3           0   12.8479770000000     
  0.100000000000000     
          25           3           3           0   11.7853170000000     
  0.100000000000000     
          26           3           3           0   12.2930990000000     
  0.100000000000000     
          27           3           3           0   12.8648370000000     
  0.100000000000000     
          28           3           3           0   14.4560010000000     
  0.100000000000000     
          29           3           3           0   17.6639820000000     
  0.100000000000000     
          30           3           3           0   20.6778560000000     
  0.100000000000000     
          31           3           3           0   18.9629850000000     
  0.100000000000000     
          32           3           3           0   16.0440170000000     
  0.100000000000000     
          33           3           3           0   13.5733850000000     
  0.100000000000000     
          34           3           3           0   11.6911030000000     
  0.100000000000000     
          35           3           3           0   10.3791220000000     
  0.100000000000000     
          36           3           3           0   10.4289640000000     
  0.100000000000000     
          37           3           3           0   11.3960970000000     
  0.100000000000000     
          38           3           3           0   13.5545810000000     
  0.100000000000000     
          39           3           3           0   16.8144540000000     
  0.100000000000000     
          40           3           3           0   19.1723770000000     
  0.100000000000000     
          41           3           3           0   18.1045640000000     
  0.100000000000000     
          42           3           3           0   15.4642370000000     
  0.100000000000000     
          43           3           3           0   13.4497630000000     
  0.100000000000000     
          44           3           3           0   11.3512850000000     
  0.100000000000000     
          45           3           3           0   9.34676900000000     
  0.100000000000000     
          46           3           3           0   9.24083500000000     
  0.100000000000000     
          47           3           3           0   10.8835540000000     
  0.100000000000000     
          48           3           3           0   13.0930590000000     
  0.100000000000000     
          49           3           3           0   15.4586890000000     
  0.100000000000000     
          50           3           3           0   18.2841320000000     
  0.100000000000000     
          51           3           3           0   18.4151800000000     
  0.100000000000000     
          52           3           3           0   15.5734410000000     
  0.100000000000000     
          53           3           3           0   13.4934190000000     
  0.100000000000000     
          54           3           3           0   10.7312270000000     
  0.100000000000000     
          55           3           3           0   8.92047000000000     
  0.100000000000000     
          56           3           3           0   9.12482400000000     
  0.100000000000000     
          57           3           3           0   11.2148220000000     
  0.100000000000000     
          58           3           3           0   13.1991280000000     
  0.100000000000000     
          59           3           3           0   15.3825360000000     
  0.100000000000000     
          60           3           3           0   18.2605060000000     
  0.100000000000000     
          61           3           3           0   19.1296080000000     
  0.100000000000000     
          62           3           3           0   16.5427910000000     
  0.100000000000000     
          63           3           3           0   14.2394200000000     
  0.100000000000000     
          64           3           3           0   11.4126820000000     
  0.100000000000000     
          65           3           3           0   9.85344600000000     
  0.100000000000000     
          66           3           3           0   9.98490300000000     
  0.100000000000000     
          67           3           3           0   11.5220010000000     
  0.100000000000000     
          68           3           3           0   13.5195250000000     
  0.100000000000000     
          69           3           3           0   15.8481170000000     
  0.100000000000000     
          70           3           3           0   18.9954680000000     
  0.100000000000000     
          71           3           3           0   20.2150660000000     
  0.100000000000000     
          72           3           3           0  -99.7500000000000     
  0.100000000000000     
          73           3           3           0   15.4274160000000     
  0.100000000000000     
          74           3           3           0   13.1354410000000     
  0.100000000000000     
          75           3           3           0   12.1288070000000     
  0.100000000000000     
          76           3           3           0   12.1912500000000     
  0.100000000000000     
          77           3           3           0   13.4559330000000     
  0.100000000000000     
          78           3           3           0   14.7203110000000     
  0.100000000000000     
          79           3           3           0   16.8238640000000     
  0.100000000000000     
          80           3           3           0   20.2870370000000     
  0.100000000000000     
          81           3           3           0  -99.7500000000000     
  0.100000000000000     
          82           3           3           0  -99.7500000000000     
  0.100000000000000     
          83           3           3           0   16.7625990000000     
  0.100000000000000     
          84           3           3           0   15.6770810000000     
  0.100000000000000     
          85           3           3           0   14.9568810000000     
  0.100000000000000     
          86           3           3           0   14.6220840000000     
  0.100000000000000     
          87           3           3           0   15.4235810000000     
  0.100000000000000     
          88           3           3           0   15.8921220000000     
  0.100000000000000     
          89           3           3           0   17.8933040000000     
  0.100000000000000     
          90           3           3           0   21.2323560000000     
  0.100000000000000     
          91           3           3           0   23.0100840000000     
  0.100000000000000     
          92           3           3           0   20.4488060000000     
  0.100000000000000     
          93           3           3           0   18.7193960000000     
  0.100000000000000     
          94           3           3           0   17.9562340000000     
  0.100000000000000     
          95           3           3           0   16.8728860000000     
  0.100000000000000     
          96           3           3           0   16.9526400000000     
  0.100000000000000     
          97           3           3           0   17.0372790000000     
  0.100000000000000     
          98           3           3           0   17.3885680000000     
  0.100000000000000     
          99           3           3           0   19.3742710000000     
  0.100000000000000     
         100           3           3           0   22.7807340000000     
  0.100000000000000     
           1           4           4           0   22.4544820000000     
  0.100000000000000     
           2           4           4           0   20.2762360000000     
  0.100000000000000     
           3           4           4           0   18.7938990000000     
  0.100000000000000     
           4           4           4           0   17.5985210000000     
  0.100000000000000     
           5           4           4           0   17.0589340000000     
  0.100000000000000     
           6           4           4           0  -99.7500000000000     
  0.100000000000000     
           7           4           4           0   16.1805260000000     
  0.100000000000000     
           8           4           4           0   17.9037730000000     
  0.100000000000000     
           9           4           4           0   20.9034040000000     
  0.100000000000000     
          10           4           4           0   22.8525550000000     
  0.100000000000000     
          11           4           4           0   21.5115900000000     
  0.100000000000000     
          12           4           4           0   18.8180440000000     
  0.100000000000000     
          13           4           4           0   17.1013530000000     
  0.100000000000000     
          14           4           4           0   15.4487710000000     
  0.100000000000000     
          15           4           4           0   14.5610830000000     
  0.100000000000000     
          16           4           4           0   14.3409290000000     
  0.100000000000000     
          17           4           4           0   14.7583320000000     
  0.100000000000000     
          18           4           4           0   16.0403040000000     
  0.100000000000000     
          19           4           4           0   18.8201470000000     
  0.100000000000000     
          20           4           4           0   21.3159760000000     
  0.100000000000000     
          21           4           4           0   20.3727010000000     
  0.100000000000000     
          22           4           4           0   17.4227040000000     
  0.100000000000000     
          23           4           4           0   14.9667790000000     
  0.100000000000000     
          24           4           4           0   13.1459920000000     
  0.100000000000000     
          25           4           4           0   12.0767390000000     
  0.100000000000000     
          26           4           4           0   12.5487950000000     
  0.100000000000000     
          27           4           4           0   13.0769380000000     
  0.100000000000000     
          28           4           4           0   14.6243210000000     
  0.100000000000000     
          29           4           4           0   17.7742220000000     
  0.100000000000000     
          30           4           4           0   20.6531320000000     
  0.100000000000000     
          31           4           4           0   19.1174560000000     
  0.100000000000000     
          32           4           4           0   16.2169030000000     
  0.100000000000000     
          33           4           4           0   13.7926000000000     
  0.100000000000000     
          34           4           4           0   11.9924340000000     
  0.100000000000000     
          35           4           4           0   10.7630470000000     
  0.100000000000000     
          36           4           4           0   10.8104930000000     
  0.100000000000000     
          37           4           4           0   11.6732090000000     
  0.100000000000000     
          38           4           4           0   13.7535890000000     
  0.100000000000000     
          39           4           4           0   16.9127180000000     
  0.100000000000000     
          40           4           4           0   19.1870730000000     
  0.100000000000000     
          41           4           4           0   18.2519600000000     
  0.100000000000000     
          42           4           4           0   15.6431130000000     
  0.100000000000000     
          43           4           4           0   13.6643220000000     
  0.100000000000000     
          44           4           4           0   11.7888270000000     
  0.100000000000000     
          45           4           4           0   9.91988900000000     
  0.100000000000000     
          46           4           4           0   9.76430900000000     
  0.100000000000000     
          47           4           4           0   11.2349730000000     
  0.100000000000000     
          48           4           4           0   13.2814950000000     
  0.100000000000000     
          49           4           4           0   15.5733970000000     
  0.100000000000000     
          50           4           4           0   18.3336720000000     
  0.100000000000000     
          51           4           4           0   18.5535450000000     
  0.100000000000000     
          52           4           4           0   15.7374040000000     
  0.100000000000000     
          53           4           4           0   13.7419570000000     
  0.100000000000000     
          54           4           4           0   11.2166660000000     
  0.100000000000000     
          55           4           4           0   9.47754700000000     
  0.100000000000000     
          56           4           4           0   9.65874400000000     
  0.100000000000000     
          57           4           4           0   11.5755440000000     
  0.100000000000000     
          58           4           4           0   13.3706590000000     
  0.100000000000000     
          59           4           4           0   15.4981980000000     
  0.100000000000000     
          60           4           4           0   18.3427000000000     
  0.100000000000000     
          61           4           4           0   19.2626850000000     
  0.100000000000000     
          62           4           4           0   16.6821620000000     
  0.100000000000000     
          63           4           4           0   14.5036970000000     
  0.100000000000000     
          64           4           4           0   11.8597070000000     
  0.100000000000000     
          65           4           4           0   10.3575910000000     
  0.100000000000000     
          66           4           4           0   10.4662280000000     
  0.100000000000000     
          67           4           4           0   11.8486400000000     
  0.100000000000000     
          68           4           4           0   13.6706770000000     
  0.100000000000000     
          69           4           4           0   15.9704950000000     
  0.100000000000000     
          70           4           4           0   19.0985160000000     
  0.100000000000000     
          71           4           4           0   20.3325380000000     
  0.100000000000000     
          72           4           4           0   17.8419350000000     
  0.100000000000000     
          73           4           4           0   15.5708990000000     
  0.100000000000000     
          74           4           4           0   13.5282520000000     
  0.100000000000000     
          75           4           4           0   12.5306130000000     
  0.100000000000000     
          76           4           4           0   12.5422120000000     
  0.100000000000000     
          77           4           4           0   13.6000100000000     
  0.100000000000000     
          78           4           4           0   14.8500920000000     
  0.100000000000000     
          79           4           4           0   16.9335410000000     
  0.100000000000000     
          80           4           4           0   20.3780700000000     
  0.100000000000000     
          81           4           4           0   21.6853040000000     
  0.100000000000000     
          82           4           4           0   19.0522130000000     
  0.100000000000000     
          83           4           4           0   16.7958060000000     
  0.100000000000000     
          84           4           4           0   15.8574300000000     
  0.100000000000000     
          85           4           4           0   15.2408510000000     
  0.100000000000000     
          86           4           4           0   14.8374130000000     
  0.100000000000000     
          87           4           4           0   15.5666290000000     
  0.100000000000000     
          88           4           4           0   16.0014000000000     
  0.100000000000000     
          89           4           4           0   17.9938710000000     
  0.100000000000000     
          90           4           4           0   21.3182870000000     
  0.100000000000000     
          91           4           4           0   23.0478010000000     
  0.100000000000000     
          92           4           4           0   20.4532060000000     
  0.100000000000000     
          93           4           4           0   18.7079460000000     
  0.100000000000000     
          94           4           4           0   17.9228080000000     
  0.100000000000000     
          95           4           4           0   16.8476150000000     
  0.100000000000000     
          96           4           4           0   17.0450940000000     
  0.100000000000000     
          97           4           4           0   17.1373660000000     
  0.100000000000000     
          98           4           4           0   17.4966770000000     
  0.100000000000000     
          99           4           4           0   19.4769110000000     
  0.100000000000000     
         100           4           4           0   22.8712110000000     
  0.100000000000000     
           1           5           5           0   22.4423230000000     
  0.100000000000000     
           2           5           5           0   20.3032920000000     
  0.100000000000000     
           3           5           5           0   18.8838040000000     
  0.100000000000000     
           4           5           5           0   17.6391860000000     
  0.100000000000000     
           5           5           5           0   16.9613580000000     
  0.100000000000000     
           6           5           5           0  -99.7500000000000     
  0.100000000000000     
           7           5           5           0   16.0183520000000     
  0.100000000000000     
           8           5           5           0   17.7730940000000     
  0.100000000000000     
           9           5           5           0   20.8218530000000     
  0.100000000000000     
          10           5           5           0   23.0075020000000     
  0.100000000000000     
          11           5           5           0   21.4282760000000     
  0.100000000000000     
          12           5           5           0   18.7263180000000     
  0.100000000000000     
          13           5           5           0   16.8867180000000     
  0.100000000000000     
          14           5           5           0   15.0202690000000     
  0.100000000000000     
          15           5           5           0   14.1550910000000     
  0.100000000000000     
          16           5           5           0   14.0875210000000     
  0.100000000000000     
          17           5           5           0   14.5720300000000     
  0.100000000000000     
          18           5           5           0   15.9041710000000     
  0.100000000000000     
          19           5           5           0   18.7278280000000     
  0.100000000000000     
          20           5           5           0   21.4906810000000     
  0.100000000000000     
          21           5           5           0   20.1826170000000     
  0.100000000000000     
          22           5           5           0   17.1706920000000     
  0.100000000000000     
          23           5           5           0   14.6055870000000     
  0.100000000000000     
          24           5           5           0   12.6925360000000     
  0.100000000000000     
          25           5           5           0   11.6004170000000     
  0.100000000000000     
          26           5           5           0   12.1298080000000     
  0.100000000000000     
          27           5           5           0   12.7669150000000     
  0.100000000000000     
          28           5           5           0   14.4219410000000     
  0.100000000000000     
          29           5           5           0   17.6765260000000     
  0.100000000000000     
          30           5           5           0   20.8555740000000     
  0.100000000000000     
          31           5           5           0   18.8505970000000     
  0.100000000000000     
          32           5           5           0   15.9361170000000     
  0.100000000000000     
          33           5           5           0   13.4354700000000     
  0.100000000000000     
          34           5           5           0   11.5597260000000     
  0.100000000000000     
          35           5           5           0   10.0665750000000     
  0.100000000000000     
          36           5           5           0   10.1290040000000     
  0.100000000000000     
          37           5           5           0   11.2479350000000     
  0.100000000000000     
          38           5           5           0   13.4886230000000     
  0.100000000000000     
          39           5           5           0   16.8173460000000     
  0.100000000000000     
          40           5           5           0   19.2734320000000     
  0.100000000000000     
          41           5           5           0   17.9633960000000     
  0.100000000000000     
          42           5           5           0   15.3212060000000     
  0.100000000000000     
          43           5           5           0   13.3014560000000     
  0.100000000000000     
          44           5           5           0   10.9449280000000     
  0.100000000000000     
          45           5           5           0   8.76990600000000     
  0.100000000000000     
          46           5           5           0   8.73670600000000     
  0.100000000000000     
          47           5           5           0   10.6048080000000     
  0.100000000000000     
          48           5           5           0   13.0195410000000     
  0.100000000000000     
          49           5           5           0   15.4300950000000     
  0.100000000000000     
          50           5           5           0   18.3151030000000     
  0.100000000000000     
          51           5           5           0   18.2519680000000     
  0.100000000000000     
          52           5           5           0   15.4086590000000     
  0.100000000000000     
          53           5           5           0   13.2739300000000     
  0.100000000000000     
          54           5           5           0   10.3181630000000     
  0.100000000000000     
          55           5           5           0   8.37162500000000     
  0.100000000000000     
          56           5           5           0   8.65536600000000     
  0.100000000000000     
          57           5           5           0   10.9263940000000     
  0.100000000000000     
          58           5           5           0   13.1413830000000     
  0.100000000000000     
          59           5           5           0   15.3541240000000     
  0.100000000000000     
          60           5           5           0   18.2509970000000     
  0.100000000000000     
          61           5           5           0   18.9812550000000     
  0.100000000000000     
          62           5           5           0   16.3978240000000     
  0.100000000000000     
          63           5           5           0   14.0255950000000     
  0.100000000000000     
          64           5           5           0   11.0528710000000     
  0.100000000000000     
          65           5           5           0   9.39621400000000     
  0.100000000000000     
          66           5           5           0   9.57285000000000     
  0.100000000000000     
          67           5           5           0   11.3151060000000     
  0.100000000000000     
          68           5           5           0   13.5133490000000     
  0.100000000000000     
          69           5           5           0   15.8744380000000     
  0.100000000000000     
          70           5           5           0   19.0289800000000     
  0.100000000000000     
          71           5           5           0   20.0885900000000     
  0.100000000000000     
          72           5           5           0  -99.7500000000000     
  0.100000000000000     
          73           5           5           0   15.2929560000000     
  0.100000000000000     
          74           5           5           0   12.8423370000000     
  0.100000000000000     
          75           5           5           0   11.7410460000000     
  0.100000000000000     
          76           5           5           0   11.8757990000000     
  0.100000000000000     
          77           5           5           0   13.2143460000000     
  0.100000000000000     
          78           5           5           0   14.7655760000000     
  0.100000000000000     
          79           5           5           0   16.8903460000000     
  0.100000000000000     
          80           5           5           0   20.3675620000000     
  0.100000000000000     
          81           5           5           0  -99.7500000000000     
  0.100000000000000     
          82           5           5           0  -99.7500000000000     
  0.100000000000000     
          83           5           5           0  -99.7500000000000     
  0.100000000000000     
          84           5           5           0   15.4859260000000     
  0.100000000000000     
          85           5           5           0   14.6771320000000     
  0.100000000000000     
          86           5           5           0   14.4746670000000     
  0.100000000000000     
          87           5           5           0   15.4232540000000     
  0.100000000000000     
          88           5           5           0   15.9789340000000     
  0.100000000000000     
          89           5           5           0   17.9879370000000     
  0.100000000000000     
          90           5           5           0   21.3357810000000     
  0.100000000000000     
          91           5           5           0  -99.7500000000000     
  0.100000000000000     
          92           5           5           0   20.3947810000000     
  0.100000000000000     
          93           5           5           0  -99.7500000000000     
  0.100000000000000     
          94           5           5           0   18.1306510000000     
  0.100000000000000     
          95           5           5           0   17.0339130000000     
  0.100000000000000     
          96           5           5           0   16.9306150000000     
  0.100000000000000     
          97           5           5           0   17.1179160000000     
  0.100000000000000     
          98           5           5           0   17.4759260000000     
  0.100000000000000     
          99           5           5           0   19.4696980000000     
  0.100000000000000     
         100           5           5           0   22.8849190000000     
  0.100000000000000     
