           5
           0
    50.00000   -41.00000   141.39999     2.00000     2.00000     2.00000
           1
           2
           0           2           2           1
           1           1
           0
    50.00000   -41.00000   141.60001     2.00000     2.00000     2.00000
           1
           2
           0           2           2           1
           1           1
           0
    50.00000   -41.00000   141.50000     2.00000     2.00000     2.00000
           1
           2
           0           2           2           1
           1           1
           0
    55.00000   -41.00000   141.50000     2.00000     2.00000     2.00000
           1
           2
           0           2           2           1
           1           1
           0
    45.00000   -41.00000   141.50000     2.00000     2.00000     2.00000
           1
           2
           0           2           2           1
           1           1
