           5
           0
    60.00000   -41.20000   141.20000     2.00000     2.00000     2.00000
           1
           2
           0           2           2           1
           1           1
           0
    50.00000   -40.90000   141.80001     2.00000     2.00000     2.00000
           1
           2
           0           2           2           1
           1           1
           0
    40.00000   -41.10000   141.50000     2.00000     2.00000     2.00000
           1
           2
           0           2           2           1
           1           1
           0
    65.00000   -40.80000   141.20000     2.00000     2.00000     2.00000
           1
           2
           0           2           2           1
           1           1
           0
    55.00000   -41.20000   141.80000     2.00000     2.00000     2.00000
           1
           2
           0           2           2           1
           1           1
