           5
           0
   49.13043      -41.00053       141.4016    
           1
           2
           0           2           2           1
           1           1
           0
   49.31176      -40.99979       141.5991    
           1
           2
           0           2           2           1
           1           1
           0
   49.60611      -41.00064       141.4992    
           1
           2
           0           2           2           1
           1           1
           0
   53.49008      -40.99847       141.5001    
           1
           2
           0           2           2           1
           1           1
           0
   43.89108      -41.00174       141.5010    
           1
           2
           0           2           2           1
           1           1
