         126
           0
 -0.2000000      -41.74233       145.0933    
           1
           2
           0           2           2           1
           1           1
           0
 -0.1390000      -41.19567       144.8187    
           2
           2
           0           2           2           1
           1           1
           1
           0           1
           1
           0
 -8.6000003E-02  -39.94450       143.9908    
           3
           2
           0           2           2           1
           1           1
           3
           0           2           2           3           2           1
           1           1           1
           1
           0           1
           1
           0
 -0.2140000      -41.23067       146.2768    
           3
           2
           0           2           2           1
           1           1
           3
           0           2           2           3           2           1
           1           1           1
           1
           0           1
           1
           0
 -0.1700000      -41.22083       148.1567    
           2
           2
           0           2           2           1
           1           1
           1
           0           1
           1
           0
 -0.2130000      -41.49900       146.7472    
           2
           2
           0           2           2           1
           1           1
           1
           0           1
           1
           0
 -0.3170000      -42.26617       147.6857    
           3
           2
           0           2           2           1
           1           1
           3
           0           2           2           3           2           1
           1           1           1
           1
           0           1
           1
           0
 -0.1510000      -41.04300       145.1230    
           1
           2
           0           2           2           1
           1           1
           0
 -0.8540000      -41.75883       146.1780    
           3
           2
           0           2           2           1
           1           1
           3
           0           2           2           3           2           1
           1           1           1
           1
           0           1
           1
           0
 -0.2410000      -41.96400       147.4310    
           2
           2
           0           2           2           1
           1           1
           1
           0           1
           1
           0
 -0.3650000      -42.64533       146.7222    
           2
           2
           0           2           2           1
           1           1
           1
           0           1
           1
           0
 -7.4000001E-02  -40.45167       144.9163    
           3
           2
           0           2           2           1
           1           1
           3
           0           2           2           3           2           1
           1           1           1
           1
           0           1
           1
           0
 -0.9750000      -41.84633       145.5437    
           3
           2
           0           2           2           1
           1           1
           3
           0           2           2           3           2           1
           1           1           1
           1
           0           1
           1
           0
 -0.2130000      -41.33750       146.3075    
           3
           2
           0           2           2           1
           1           1
           3
           0           2           2           3           2           1
           1           1           1
           1
           0           1
           1
           0
 -0.5790000      -42.30417       146.4500    
           2
           2
           0           2           2           1
           1           1
           1
           0           1
           1
           0
 -0.4840000      -42.75083       146.0533    
           3
           2
           0           2           2           1
           1           1
           3
           0           2           2           3           2           1
           1           1           1
           1
           0           1
           1
           1
P         
   10.00000      -45.22000       35.10000    
           1
           2
           3           2           2           1
           1           1
           1
P         
   36.00000      -36.82000      -179.7900    
           1
           2
           3           2           2           1
           1           1
           1
pP        
   51.00000      -4.810000       102.1900    
           1
           2
           3           2           2           1
           1           1
           1
ScP       
   148.0000      -6.490000       129.9000    
           1
           2
           3           2           2           1
           1           1
           1
P         
   148.0000      -6.490000       129.9000    
           1
           2
           3           2           2           1
           1           1
           1
P         
   33.00000      -3.210000       142.2500    
           1
           2
           3           2           2           1
           1           1
           1
P         
   33.00000      -3.160000       142.1900    
           1
           2
           3           2           2           1
           1           1
           1
P         
   557.0000      -18.61000       178.4900    
           1
           2
           3           2           2           1
           1           1
           1
P         
   76.00000       4.590000       126.3200    
           1
           2
           3           2           2           1
           1           1
           1
P         
   435.0000      -15.91000      -177.7800    
           1
           2
           3           2           2           1
           1           1
           1
P         
   115.0000       1.390000       128.1100    
           1
           2
           3           2           2           1
           1           1
           1
P         
   199.0000      -13.71000       167.2100    
           1
           2
           3           2           2           1
           1           1
           1
P         
   33.00000       23.35000       124.0900    
           1
           2
           3           2           2           1
           1           1
           1
P         
   629.0000      -26.31000       178.2700    
           1
           2
           3           2           2           1
           1           1
           1
P         
   117.0000      -12.99000       166.7800    
           1
           2
           3           2           2           1
           1           1
           1
P         
   124.0000      -7.430000       127.9300    
           1
           2
           3           2           2           1
           1           1
           1
P         
   32.00000       24.28000       122.1800    
           1
           2
           3           2           2           1
           1           1
           1
P         
   80.00000      -6.190000       147.4200    
           1
           2
           3           2           2           1
           1           1
           1
P         
   33.00000      -15.27000      -173.4300    
           1
           2
           3           2           2           1
           1           1
           1
P         
   33.00000      -10.83000       164.1900    
           1
           2
           3           2           2           1
           1           1
           1
P         
   33.00000      -20.74000       169.2900    
           1
           2
           3           2           2           1
           1           1
           1
P         
   33.00000       11.52000       142.0000    
           1
           2
           3           2           2           1
           1           1
           1
P         
   10.00000      -14.39000       167.6900    
           1
           2
           3           2           2           1
           1           1
           1
P         
   10.00000      -14.43000       167.7700    
           1
           2
           3           2           2           1
           1           1
           1
P         
   54.00000       1.100000       125.3800    
           1
           2
           3           2           2           1
           1           1
           1
P         
   33.00000       7.320000       126.6600    
           1
           2
           3           2           2           1
           1           1
           1
P         
   403.0000       14.52000       144.2700    
           1
           2
           3           2           2           1
           1           1
           1
P         
   116.0000       13.08000       143.7900    
           1
           2
           3           2           2           1
           1           1
           1
P         
   64.00000       31.69000       140.4500    
           1
           2
           3           2           2           1
           1           1
           1
P         
   33.00000       3.410000       126.8900    
           1
           2
           3           2           2           1
           1           1
           1
P         
   10.00000      -60.66000      -25.84000    
           1
           2
           3           2           2           1
           1           1
           1
P         
   33.00000      -16.38000       173.2600    
           1
           2
           3           2           2           1
           1           1
           1
P         
   33.00000      -20.52000       162.1800    
           1
           2
           3           2           2           1
           1           1
           1
P         
   48.00000      -6.280000       154.7700    
           1
           2
           3           2           2           1
           1           1
           1
P         
   217.0000      -12.52000       166.9400    
           1
           2
           3           2           2           1
           1           1
           1
P         
   10.00000      -56.13000      -122.3100    
           1
           2
           3           2           2           1
           1           1
           1
PP        
   85.00000       13.09000       144.6200    
           1
           2
           3           2           2           1
           1           1
           1
P         
   85.00000       13.09000       144.6200    
           1
           2
           3           2           2           1
           1           1
           1
P         
   44.00000       24.20000       122.6800    
           1
           2
           3           2           2           1
           1           1
           1
P         
   51.00000      -29.75000      -177.7400    
           1
           2
           3           2           2           1
           1           1
           1
P         
   45.00000      -5.920000       146.2600    
           1
           2
           3           2           2           1
           1           1
           1
P         
   33.00000      -22.92000       169.5900    
           1
           2
           3           2           2           1
           1           1
           1
P         
   559.0000      -17.90000      -178.7400    
           1
           2
           3           2           2           1
           1           1
           1
P         
   47.00000      -7.030000       155.9000    
           1
           2
           3           2           2           1
           1           1
           1
P         
   33.00000       5.280000       124.4100    
           1
           2
           3           2           2           1
           1           1
           1
P         
   57.00000      -20.08000      -173.7300    
           1
           2
           3           2           2           1
           1           1
           1
PcP       
   33.00000      -19.03000       168.6600    
           1
           2
           3           2           2           1
           1           1
           1
P         
   33.00000      -19.03000       168.6600    
           1
           2
           3           2           2           1
           1           1
           1
PcP       
   130.0000      -17.95000      -174.5700    
           1
           2
           3           2           2           1
           1           1
           1
P         
   130.0000      -17.95000      -174.5700    
           1
           2
           3           2           2           1
           1           1
           1
P         
   173.0000       2.650000       128.3000    
           1
           2
           3           2           2           1
           1           1
           1
P         
   33.00000      -1.140000       127.0900    
           1
           2
           3           2           2           1
           1           1
           1
P         
   33.00000       19.14000       121.2400    
           1
           2
           3           2           2           1
           1           1
           1
P         
   33.00000       19.13000       121.2400    
           1
           2
           3           2           2           1
           1           1
           1
P         
   33.00000       5.670000       122.1900    
           1
           2
           3           2           2           1
           1           1
           1
pP        
   33.00000       3.510000       125.3800    
           1
           2
           3           2           2           1
           1           1
           1
P         
   10.00000      -36.52000       78.93000    
           1
           2
           3           2           2           1
           1           1
           1
P         
   10.00000      -21.41000      -174.2600    
           1
           2
           3           2           2           1
           1           1
           1
P         
   10.00000       24.64000       121.9200    
           1
           2
           3           2           2           1
           1           1
           1
P         
   33.00000      -5.410000       151.5500    
           1
           2
           3           2           2           1
           1           1
           1
P         
   10.00000      -5.820000       102.0600    
           1
           2
           3           2           2           1
           1           1
           1
PcP       
   109.0000       1.830000       127.2400    
           1
           2
           3           2           2           1
           1           1
           1
P         
   109.0000       1.830000       127.2400    
           1
           2
           3           2           2           1
           1           1
           1
P         
   33.00000       24.07000       122.2600    
           1
           2
           3           2           2           1
           1           1
           1
P         
   157.0000      -19.14000       168.9900    
           1
           2
           3           2           2           1
           1           1
           1
P         
   488.0000       27.56000       139.7800    
           1
           2
           3           2           2           1
           1           1
           1
P         
   45.00000      -18.00000      -173.2200    
           1
           2
           3           2           2           1
           1           1
           1
P         
   33.00000       30.59000       81.44000    
           1
           2
           3           2           2           1
           1           1
           1
P         
   10.00000     -0.8800000       148.3300    
           1
           2
           3           2           2           1
           1           1
           1
P         
   33.00000       10.98000       140.6900    
           1
           2
           3           2           2           1
           1           1
           1
P         
   33.00000       10.99000       140.8900    
           1
           2
           3           2           2           1
           1           1
           1
P         
   10.00000      -47.80000       99.75000    
           1
           2
           3           2           2           1
           1           1
           1
PcP       
   569.0000      -17.87000      -178.7000    
           1
           2
           3           2           2           1
           1           1
           1
P         
   569.0000      -17.87000      -178.7000    
           1
           2
           3           2           2           1
           1           1
           1
P         
   231.0000      -2.340000       102.5600    
           1
           2
           3           2           2           1
           1           1
           1
ScP       
   33.00000      -12.59000       166.3800    
           1
           2
           3           2           2           1
           1           1
           1
P         
   33.00000      -12.59000       166.3800    
           1
           2
           3           2           2           1
           1           1
           1
P         
   33.00000      -3.850000       141.8200    
           1
           2
           3           2           2           1
           1           1
           1
P         
   33.00000      -4.490000       146.7700    
           1
           2
           3           2           2           1
           1           1
           1
P         
   42.00000      -6.420000       113.4000    
           1
           2
           3           2           2           1
           1           1
           1
PKiKP     
   10.00000       35.63000       49.05000    
           1
           2
           3           2           2           1
           1           1
           1
P         
   11.00000      -6.960000       104.1800    
           1
           2
           3           2           2           1
           1           1
           1
PcP       
   186.0000      -13.27000       167.0500    
           1
           2
           3           2           2           1
           1           1
           1
P         
   186.0000      -13.27000       167.0500    
           1
           2
           3           2           2           1
           1           1
           1
P         
   566.0000       43.75000       130.6700    
           1
           2
           3           2           2           1
           1           1
           1
P         
   33.00000      -12.56000       166.5400    
           1
           2
           3           2           2           1
           1           1
           1
P         
   33.00000      -12.40000       166.5200    
           1
           2
           3           2           2           1
           1           1
           1
P         
   638.0000      -21.19000      -179.1900    
           1
           2
           3           2           2           1
           1           1
           1
P         
   620.0000      -22.20000       179.2500    
           1
           2
           3           2           2           1
           1           1
           1
P         
   95.00000      -12.61000       166.4600    
           1
           2
           3           2           2           1
           1           1
           1
P         
   31.00000      -5.030000       147.3400    
           1
           2
           3           2           2           1
           1           1
           1
P         
   280.0000      -20.62000      -177.1600    
           1
           2
           3           2           2           1
           1           1
           1
P         
   33.00000       1.040000       126.0700    
           1
           2
           3           2           2           1
           1           1
           1
pP        
   43.00000       24.08000       122.2900    
           1
           2
           3           2           2           1
           1           1
           1
P         
   17.00000      -8.200000       156.9800    
           1
           2
           3           2           2           1
           1           1
           1
P         
   147.0000       48.52000       153.2600    
           1
           2
           3           2           2           1
           1           1
           1
P         
   167.0000      -16.02000       167.8000    
           1
           2
           3           2           2           1
           1           1
           1
P         
   548.0000      -17.81000      -178.7200    
           1
           2
           3           2           2           1
           1           1
           1
P         
   104.0000       9.940000       125.6700    
           1
           2
           3           2           2           1
           1           1
           1
P         
   580.0000      -17.93000      -178.3400    
           1
           2
           3           2           2           1
           1           1
           1
P         
   33.00000       6.440000       126.3200    
           1
           2
           3           2           2           1
           1           1
           1
P         
   33.00000      -55.74000      -26.87000    
           1
           2
           3           2           2           1
           1           1
           1
PP        
   33.00000      -57.89000      -23.24000    
           1
           2
           3           2           2           1
           1           1
           1
P         
   33.00000      -57.89000      -23.24000    
           1
           2
           3           2           2           1
           1           1
           1
P         
   33.00000      -55.79000      -26.84000    
           1
           2
           3           2           2           1
           1           1
           1
P         
   102.0000      -6.500000       130.3100    
           1
           2
           3           2           2           1
           1           1
           1
P         
   195.0000      0.3100000       122.0300    
           1
           2
           3           2           2           1
           1           1
           1
P         
   426.0000       29.28000       138.9700    
           1
           2
           3           2           2           1
           1           1
           1
P         
   79.00000       8.340000       93.43000    
           1
           2
           3           2           2           1
           1           1
           1
P         
   114.0000       1.610000       127.4900    
           1
           2
           3           2           2           1
           1           1
