           3
          14          14
  3.173326001022804E-003  4.759989001534202E-003
 -0.736211632237290        2.43870103178602     
  6372.30000     0.30000
  6372.30000     0.30000
  6372.30000     0.30000
  6372.30000     0.30000
  6372.30000     0.30000
  6372.30000     0.30000
  6372.30000     0.30000
  6372.30000     0.30000
  6372.30000     0.30000
  6372.30000     0.30000
  6372.30000     0.30000
  6372.30000     0.30000
  6372.30000     0.30000
  6372.30000     0.30000

  6372.30000     0.30000
  6372.30000     0.30000
  6372.30000     0.30000
  6372.30000     0.30000
  6372.30000     0.30000
  6372.30000     0.30000
  6372.30000     0.30000
  6372.30000     0.30000
  6372.30000     0.30000
  6372.30000     0.30000
  6372.30000     0.30000
  6372.30000     0.30000
  6372.30000     0.30000
  6372.30000     0.30000

  6372.30000     0.30000
  6372.30000     0.30000
  6372.30000     0.30000
  6372.30000     0.30000
  6372.30000     0.30000
  6372.30000     0.30000
  6372.30000     0.30000
  6372.30000     0.30000
  6372.30000     0.30000
  6372.30000     0.30000
  6372.30000     0.30000
  6372.30000     0.30000
  6372.30000     0.30000
  6372.30000     0.30000

  6372.30000     0.30000
  6372.30000     0.30000
  6372.30000     0.30000
  6372.30000     0.30000
  6372.30000     0.30000
  6372.30000     0.30000
  6372.30000     0.30000
  6372.30000     0.30000
  6372.30000     0.30000
  6372.30000     0.30000
  6372.30000     0.30000
  6372.30000     0.30000
  6372.30000     0.30000
  6372.30000     0.30000

  6372.30000     0.30000
  6372.30000     0.30000
  6372.30000     0.30000
  6372.30000     0.30000
  6372.30000     0.30000
  6372.30000     0.30000
  6372.30000     0.30000
  6372.30000     0.30000
  6372.30000     0.30000
  6372.30000     0.30000
  6372.30000     0.30000
  6372.30000     0.30000
  6372.30000     0.30000
  6372.30000     0.30000

  6372.30000     0.30000
  6372.30000     0.30000
  6372.30000     0.30000
  6372.30000     0.30000
  6372.30000     0.30000
  6372.30000     0.30000
  6372.30000     0.30000
  6372.30000     0.30000
  6372.30000     0.30000
  6372.30000     0.30000
  6372.30000     0.30000
  6372.30000     0.30000
  6372.30000     0.30000
  6372.30000     0.30000

  6372.30000     0.30000
  6372.30000     0.30000
  6372.30000     0.30000
  6372.30000     0.30000
  6372.30000     0.30000
  6372.30000     0.30000
  6372.30000     0.30000
  6372.30000     0.30000
  6372.30000     0.30000
  6372.30000     0.30000
  6372.30000     0.30000
  6372.30000     0.30000
  6372.30000     0.30000
  6372.30000     0.30000

  6372.30000     0.30000
  6372.30000     0.30000
  6372.30000     0.30000
  6372.30000     0.30000
  6372.30000     0.30000
  6372.30000     0.30000
  6372.30000     0.30000
  6372.30000     0.30000
  6372.30000     0.30000
  6372.30000     0.30000
  6372.30000     0.30000
  6372.30000     0.30000
  6372.30000     0.30000
  6372.30000     0.30000

  6372.30000     0.30000
  6372.30000     0.30000
  6372.30000     0.30000
  6372.30000     0.30000
  6372.30000     0.30000
  6372.30000     0.30000
  6372.30000     0.30000
  6372.30000     0.30000
  6372.30000     0.30000
  6372.30000     0.30000
  6372.30000     0.30000
  6372.30000     0.30000
  6372.30000     0.30000
  6372.30000     0.30000

  6372.30000     0.30000
  6372.30000     0.30000
  6372.30000     0.30000
  6372.30000     0.30000
  6372.30000     0.30000
  6372.30000     0.30000
  6372.30000     0.30000
  6372.30000     0.30000
  6372.30000     0.30000
  6372.30000     0.30000
  6372.30000     0.30000
  6372.30000     0.30000
  6372.30000     0.30000
  6372.30000     0.30000

  6372.30000     0.30000
  6372.30000     0.30000
  6372.30000     0.30000
  6372.30000     0.30000
  6372.30000     0.30000
  6372.30000     0.30000
  6372.30000     0.30000
  6372.30000     0.30000
  6372.30000     0.30000
  6372.30000     0.30000
  6372.30000     0.30000
  6372.30000     0.30000
  6372.30000     0.30000
  6372.30000     0.30000

  6372.30000     0.30000
  6372.30000     0.30000
  6372.30000     0.30000
  6372.30000     0.30000
  6372.30000     0.30000
  6372.30000     0.30000
  6372.30000     0.30000
  6372.30000     0.30000
  6372.30000     0.30000
  6372.30000     0.30000
  6372.30000     0.30000
  6372.30000     0.30000
  6372.30000     0.30000
  6372.30000     0.30000

  6372.30000     0.30000
  6372.30000     0.30000
  6372.30000     0.30000
  6372.30000     0.30000
  6372.30000     0.30000
  6372.30000     0.30000
  6372.30000     0.30000
  6372.30000     0.30000
  6372.30000     0.30000
  6372.30000     0.30000
  6372.30000     0.30000
  6372.30000     0.30000
  6372.30000     0.30000
  6372.30000     0.30000

  6372.30000     0.30000
  6372.30000     0.30000
  6372.30000     0.30000
  6372.30000     0.30000
  6372.30000     0.30000
  6372.30000     0.30000
  6372.30000     0.30000
  6372.30000     0.30000
  6372.30000     0.30000
  6372.30000     0.30000
  6372.30000     0.30000
  6372.30000     0.30000
  6372.30000     0.30000
  6372.30000     0.30000


  6333.96880     3.00000
  6354.16637     3.00000
  6336.62202     3.00000
  6348.60926     3.00000
  6332.15415     3.00000
  6342.43878     3.00000
  6336.86137     3.00000
  6334.53986     3.00000
  6351.73552     3.00000
  6344.91680     3.00000
  6338.82320     3.00000
  6345.60394     3.00000
  6342.92698     3.00000
  6338.57829     3.00000

  6334.66046     3.00000
  6344.70894     3.00000
  6345.69369     3.00000
  6337.21934     3.00000
  6344.76176     3.00000
  6337.43471     3.00000
  6343.66355     3.00000
  6338.96370     3.00000
  6344.24745     3.00000
  6340.03310     3.00000
  6333.97682     3.00000
  6334.10567     3.00000
  6339.61321     3.00000
  6339.99245     3.00000

  6336.38421     3.00000
  6345.57494     3.00000
  6338.62490     3.00000
  6339.44989     3.00000
  6338.20709     3.00000
  6337.65574     3.00000
  6346.50433     3.00000
  6347.41096     3.00000
  6350.89381     3.00000
  6330.27410     3.00000
  6341.55192     3.00000
  6340.22359     3.00000
  6349.06889     3.00000
  6331.62402     3.00000

  6334.43528     3.00000
  6336.39601     3.00000
  6343.55140     3.00000
  6336.06891     3.00000
  6340.05658     3.00000
  6343.38053     3.00000
  6335.06642     3.00000
  6343.59947     3.00000
  6352.87860     3.00000
  6343.02208     3.00000
  6339.09933     3.00000
  6331.85599     3.00000
  6343.03441     3.00000
  6344.25446     3.00000

  6341.65246     3.00000
  6337.92036     3.00000
  6328.45786     3.00000
  6347.19008     3.00000
  6335.01649     3.00000
  6335.49845     3.00000
  6340.98452     3.00000
  6335.86824     3.00000
  6338.65969     3.00000
  6332.66700     3.00000
  6341.36104     3.00000
  6344.56094     3.00000
  6334.83391     3.00000
  6344.90455     3.00000

  6343.10588     3.00000
  6341.69990     3.00000
  6334.58486     3.00000
  6342.24255     3.00000
  6339.75642     3.00000
  6341.13757     3.00000
  6338.16409     3.00000
  6342.84649     3.00000
  6341.22199     3.00000
  6347.74325     3.00000
  6332.74182     3.00000
  6346.03719     3.00000
  6353.99639     3.00000
  6338.18420     3.00000

  6346.80479     3.00000
  6343.20152     3.00000
  6351.41708     3.00000
  6340.93564     3.00000
  6342.87171     3.00000
  6333.38357     3.00000
  6328.42623     3.00000
  6333.74102     3.00000
  6336.96342     3.00000
  6332.48820     3.00000
  6349.15045     3.00000
  6338.00387     3.00000
  6339.23161     3.00000
  6338.17270     3.00000

  6342.38507     3.00000
  6336.21873     3.00000
  6337.56404     3.00000
  6341.45994     3.00000
  6342.78220     3.00000
  6337.38864     3.00000
  6339.87839     3.00000
  6345.39138     3.00000
  6345.04053     3.00000
  6351.29149     3.00000
  6340.52536     3.00000
  6333.51577     3.00000
  6343.44148     3.00000
  6338.90846     3.00000

  6336.08327     3.00000
  6341.69680     3.00000
  6340.20951     3.00000
  6342.95521     3.00000
  6334.25261     3.00000
  6338.02745     3.00000
  6343.26485     3.00000
  6344.76728     3.00000
  6345.63245     3.00000
  6340.56011     3.00000
  6334.64686     3.00000
  6344.37661     3.00000
  6339.15475     3.00000
  6346.99961     3.00000

  6343.02571     3.00000
  6341.12964     3.00000
  6340.45188     3.00000
  6333.85508     3.00000
  6337.82441     3.00000
  6339.92137     3.00000
  6331.45712     3.00000
  6336.50602     3.00000
  6340.74870     3.00000
  6352.58253     3.00000
  6338.20135     3.00000
  6341.28159     3.00000
  6340.06563     3.00000
  6341.70359     3.00000

  6346.81027     3.00000
  6343.21525     3.00000
  6340.81087     3.00000
  6336.04278     3.00000
  6343.66332     3.00000
  6340.38117     3.00000
  6349.79658     3.00000
  6341.53702     3.00000
  6342.70482     3.00000
  6346.56149     3.00000
  6339.54712     3.00000
  6341.72454     3.00000
  6337.00994     3.00000
  6333.66560     3.00000

  6336.89472     3.00000
  6336.84580     3.00000
  6344.17895     3.00000
  6342.38727     3.00000
  6337.71459     3.00000
  6344.63955     3.00000
  6341.35438     3.00000
  6339.44244     3.00000
  6331.89866     3.00000
  6338.96595     3.00000
  6338.47105     3.00000
  6346.49036     3.00000
  6339.42884     3.00000
  6343.38588     3.00000

  6342.91251     3.00000
  6334.14656     3.00000
  6340.92198     3.00000
  6346.66986     3.00000
  6333.88461     3.00000
  6342.86913     3.00000
  6338.31212     3.00000
  6343.78288     3.00000
  6349.19121     3.00000
  6339.79338     3.00000
  6335.97244     3.00000
  6345.96763     3.00000
  6338.41860     3.00000
  6335.54480     3.00000

  6337.33124     3.00000
  6333.68949     3.00000
  6342.66561     3.00000
  6346.15346     3.00000
  6341.68751     3.00000
  6343.54821     3.00000
  6332.45870     3.00000
  6341.91856     3.00000
  6342.69863     3.00000
  6344.81297     3.00000
  6340.76534     3.00000
  6331.15900     3.00000
  6342.44278     3.00000
  6335.40698     3.00000


  6291.00000     0.30000
  6291.00000     0.30000
  6291.00000     0.30000
  6291.00000     0.30000
  6291.00000     0.30000
  6291.00000     0.30000
  6291.00000     0.30000
  6291.00000     0.30000
  6291.00000     0.30000
  6291.00000     0.30000
  6291.00000     0.30000
  6291.00000     0.30000
  6291.00000     0.30000
  6291.00000     0.30000

  6291.00000     0.30000
  6291.00000     0.30000
  6291.00000     0.30000
  6291.00000     0.30000
  6291.00000     0.30000
  6291.00000     0.30000
  6291.00000     0.30000
  6291.00000     0.30000
  6291.00000     0.30000
  6291.00000     0.30000
  6291.00000     0.30000
  6291.00000     0.30000
  6291.00000     0.30000
  6291.00000     0.30000

  6291.00000     0.30000
  6291.00000     0.30000
  6291.00000     0.30000
  6291.00000     0.30000
  6291.00000     0.30000
  6291.00000     0.30000
  6291.00000     0.30000
  6291.00000     0.30000
  6291.00000     0.30000
  6291.00000     0.30000
  6291.00000     0.30000
  6291.00000     0.30000
  6291.00000     0.30000
  6291.00000     0.30000

  6291.00000     0.30000
  6291.00000     0.30000
  6291.00000     0.30000
  6291.00000     0.30000
  6291.00000     0.30000
  6291.00000     0.30000
  6291.00000     0.30000
  6291.00000     0.30000
  6291.00000     0.30000
  6291.00000     0.30000
  6291.00000     0.30000
  6291.00000     0.30000
  6291.00000     0.30000
  6291.00000     0.30000

  6291.00000     0.30000
  6291.00000     0.30000
  6291.00000     0.30000
  6291.00000     0.30000
  6291.00000     0.30000
  6291.00000     0.30000
  6291.00000     0.30000
  6291.00000     0.30000
  6291.00000     0.30000
  6291.00000     0.30000
  6291.00000     0.30000
  6291.00000     0.30000
  6291.00000     0.30000
  6291.00000     0.30000

  6291.00000     0.30000
  6291.00000     0.30000
  6291.00000     0.30000
  6291.00000     0.30000
  6291.00000     0.30000
  6291.00000     0.30000
  6291.00000     0.30000
  6291.00000     0.30000
  6291.00000     0.30000
  6291.00000     0.30000
  6291.00000     0.30000
  6291.00000     0.30000
  6291.00000     0.30000
  6291.00000     0.30000

  6291.00000     0.30000
  6291.00000     0.30000
  6291.00000     0.30000
  6291.00000     0.30000
  6291.00000     0.30000
  6291.00000     0.30000
  6291.00000     0.30000
  6291.00000     0.30000
  6291.00000     0.30000
  6291.00000     0.30000
  6291.00000     0.30000
  6291.00000     0.30000
  6291.00000     0.30000
  6291.00000     0.30000

  6291.00000     0.30000
  6291.00000     0.30000
  6291.00000     0.30000
  6291.00000     0.30000
  6291.00000     0.30000
  6291.00000     0.30000
  6291.00000     0.30000
  6291.00000     0.30000
  6291.00000     0.30000
  6291.00000     0.30000
  6291.00000     0.30000
  6291.00000     0.30000
  6291.00000     0.30000
  6291.00000     0.30000

  6291.00000     0.30000
  6291.00000     0.30000
  6291.00000     0.30000
  6291.00000     0.30000
  6291.00000     0.30000
  6291.00000     0.30000
  6291.00000     0.30000
  6291.00000     0.30000
  6291.00000     0.30000
  6291.00000     0.30000
  6291.00000     0.30000
  6291.00000     0.30000
  6291.00000     0.30000
  6291.00000     0.30000

  6291.00000     0.30000
  6291.00000     0.30000
  6291.00000     0.30000
  6291.00000     0.30000
  6291.00000     0.30000
  6291.00000     0.30000
  6291.00000     0.30000
  6291.00000     0.30000
  6291.00000     0.30000
  6291.00000     0.30000
  6291.00000     0.30000
  6291.00000     0.30000
  6291.00000     0.30000
  6291.00000     0.30000

  6291.00000     0.30000
  6291.00000     0.30000
  6291.00000     0.30000
  6291.00000     0.30000
  6291.00000     0.30000
  6291.00000     0.30000
  6291.00000     0.30000
  6291.00000     0.30000
  6291.00000     0.30000
  6291.00000     0.30000
  6291.00000     0.30000
  6291.00000     0.30000
  6291.00000     0.30000
  6291.00000     0.30000

  6291.00000     0.30000
  6291.00000     0.30000
  6291.00000     0.30000
  6291.00000     0.30000
  6291.00000     0.30000
  6291.00000     0.30000
  6291.00000     0.30000
  6291.00000     0.30000
  6291.00000     0.30000
  6291.00000     0.30000
  6291.00000     0.30000
  6291.00000     0.30000
  6291.00000     0.30000
  6291.00000     0.30000

  6291.00000     0.30000
  6291.00000     0.30000
  6291.00000     0.30000
  6291.00000     0.30000
  6291.00000     0.30000
  6291.00000     0.30000
  6291.00000     0.30000
  6291.00000     0.30000
  6291.00000     0.30000
  6291.00000     0.30000
  6291.00000     0.30000
  6291.00000     0.30000
  6291.00000     0.30000
  6291.00000     0.30000

  6291.00000     0.30000
  6291.00000     0.30000
  6291.00000     0.30000
  6291.00000     0.30000
  6291.00000     0.30000
  6291.00000     0.30000
  6291.00000     0.30000
  6291.00000     0.30000
  6291.00000     0.30000
  6291.00000     0.30000
  6291.00000     0.30000
  6291.00000     0.30000
  6291.00000     0.30000
  6291.00000     0.30000


