     1     1     1     0   372
       115  -0.10495324E-08
       116  -0.23828453E-07
       117  -0.23688876E-07
       118  -0.10215027E-08
       122  -0.25753166E-12
       123  -0.65796128E-04
       124  -0.95134811E-03
       125  -0.75371661E-03
       126  -0.22978664E-04
       130  -0.33385287E-11
       131  -0.31206013E-03
       132  -0.41419234E-02
       133  -0.31303713E-02
       134  -0.88826569E-04
       138  -0.23312554E-11
       139  -0.97708140E-04
       140  -0.11786710E-02
       141  -0.84194375E-03
       142  -0.21843289E-04
       146  -0.47761001E-13
       147  -0.17023974E-06
       148  -0.11313255E-05
       149  -0.48358642E-06
       150  -0.27467048E-08
       219  -0.31544563E-07
       220  -0.71407549E-06
       221  -0.70877193E-06
       222  -0.30479999E-07
       226  -0.59551009E-05
       227  -0.63416136E-02
       228  -0.56142078E-01
       229  -0.35711582E-01
       230  -0.85226401E-03
       233  -0.52836526E-13
       234  -0.46388742E-03
       235  -0.63413446E-01
       236  -0.35189235E+00
       237  -0.17931651E+00
       238  -0.34449702E-02
       241  -0.63687475E-12
       242  -0.10414596E-02
       243  -0.52700888E-01
       244  -0.17415263E+00
       245  -0.64180215E-01
       246  -0.89574929E-03
       249  -0.42217584E-12
       250  -0.17804100E-03
       251  -0.35080161E-02
       252  -0.46520479E-02
       253  -0.53539313E-03
       254  -0.32343034E-06
       257  -0.75788232E-14
       258  -0.96859507E-07
       259  -0.52970285E-06
       260  -0.18414972E-06
       261  -0.30030353E-09
       323  -0.36326361E-07
       324  -0.82108660E-06
       325  -0.81433087E-06
       326  -0.34970528E-07
       330  -0.50166950E-04
       331  -0.16367158E-01
       332  -0.10393169E+00
       333  -0.55582956E-01
       334  -0.11059774E-02
       337  -0.13428079E-05
       338  -0.10935500E-01
       339  -0.32952867E+00
       340  -0.93846775E+00
       341  -0.32872249E+00
       342  -0.45883016E-02
       345  -0.92139190E-04
       346  -0.58058727E-01
       347  -0.60381432E+00
       348  -0.78826789E+00
       349  -0.15013781E+00
       350  -0.12315748E-02
       353  -0.19491403E-03
       354  -0.34277470E-01
       355  -0.15201913E+00
       356  -0.74410964E-01
       357  -0.31893579E-02
       358  -0.65027843E-06
       361  -0.30966311E-04
       362  -0.17819484E-02
       363  -0.33284399E-02
       364  -0.44186034E-03
       365  -0.40457752E-07
       369  -0.10655204E-07
       370  -0.17769172E-06
       371  -0.14765053E-06
       372  -0.45471650E-08
       427  -0.20123611E-08
       428  -0.45371889E-07
       429  -0.44938069E-07
       430  -0.19253137E-08
       434  -0.27317027E-04
       435  -0.35702983E-02
       436  -0.14355869E-01
       437  -0.55660966E-02
       438  -0.76023458E-04
       441  -0.11775747E-04
       442  -0.17591096E-01
       443  -0.20191803E+00
       444  -0.26165761E+00
       445  -0.46147770E-01
       446  -0.33034182E-03
       449  -0.22746227E-02
       450  -0.22396228E+00
       451  -0.90388743E+00
       452  -0.47283549E+00
       453  -0.31907108E-01
       454  -0.93651455E-04
       457  -0.11491860E-01
       458  -0.35934995E+00
       459  -0.66506306E+00
       460  -0.13217243E+00
       461  -0.16068036E-02
       462  -0.80163781E-07
       465  -0.65027218E-02
       466  -0.91817971E-01
       467  -0.83757799E-01
       468  -0.48036149E-02
       469  -0.83791614E-07
       473  -0.32104965E-03
       474  -0.23610223E-02
       475  -0.11104004E-02
       476  -0.93844338E-05
       481  -0.22365979E-07
       482  -0.10345878E-06
       483  -0.29916631E-07
       484  -0.33293406E-11
       538  -0.40088194E-06
       539  -0.11892521E-04
       540  -0.14817924E-04
       541  -0.10427020E-05
       545  -0.66726768E-05
       546  -0.28223639E-02
       547  -0.13167412E-01
       548  -0.54604055E-02
       549  -0.99956824E-04
       553  -0.38421421E-02
       554  -0.12845124E+00
       555  -0.23258367E+00
       556  -0.40798483E-01
       557  -0.23028610E-03
       561  -0.47782779E-01
       562  -0.61679756E+00
       563  -0.56558160E+00
       564  -0.39298752E-01
       565  -0.38665350E-04
       569  -0.74906004E-01
       570  -0.55766316E+00
       571  -0.29045221E+00
       572  -0.56669179E-02
       573  -0.10637015E-07
       577  -0.17158993E-01
       578  -0.99061042E-01
       579  -0.36891249E-01
       580  -0.12435420E-03
       585  -0.28367530E-03
       586  -0.20808961E-02
       587  -0.97434450E-03
       588  -0.80918436E-05
       593  -0.21256264E-08
       594  -0.38459906E-07
       595  -0.33569457E-07
       596  -0.11378655E-08
       649  -0.11087984E-06
       650  -0.88103839E-05
       651  -0.15857837E-04
       652  -0.17296246E-05
       657  -0.66810900E-03
       658  -0.96590164E-02
       659  -0.82321393E-02
       660  -0.35013616E-03
       665  -0.29710122E-01
       666  -0.21658941E+00
       667  -0.10824032E+00
       668  -0.16794819E-02
       673  -0.12036411E+00
       674  -0.73215690E+00
       675  -0.29396580E+00
       676  -0.18723751E-02
       677  -0.17232806E-15
       681  -0.72083161E-01
       682  -0.54061952E+00
       683  -0.28487613E+00
       684  -0.58061781E-02
       685  -0.36618243E-08
       689  -0.54679709E-02
       690  -0.76878345E-01
       691  -0.69737448E-01
       692  -0.38877794E-02
       693  -0.18591906E-07
       697  -0.15103819E-04
       698  -0.95352089E-03
       699  -0.17828130E-02
       700  -0.22801145E-03
       701  -0.59612335E-08
       706  -0.14661313E-08
       707  -0.84052754E-08
       708  -0.30093323E-08
       709  -0.44272176E-11
       761  -0.27892210E-05
       762  -0.20382254E-04
       763  -0.91660396E-05
       764  -0.49470183E-07
       769  -0.22620762E-02
       770  -0.12364606E-01
       771  -0.42947872E-02
       772  -0.74173213E-05
       777  -0.29880553E-01
       778  -0.22661248E+00
       779  -0.11949627E+00
       780  -0.22831472E-02
       781  -0.22795314E-13
       785  -0.45829093E-01
       786  -0.62076322E+00
       787  -0.59962474E+00
       788  -0.45624489E-01
       789  -0.57058394E-04
       790  -0.25995837E-14
       793  -0.96033604E-02
       794  -0.31414417E+00
       795  -0.59178792E+00
       796  -0.11630648E+00
       797  -0.11750340E-02
       798  -0.78756211E-11
       801  -0.10987873E-03
       802  -0.22175519E-01
       803  -0.97102602E-01
       804  -0.43950778E-01
       805  -0.13909184E-02
       806  -0.25249196E-10
       810  -0.49197219E-04
       811  -0.10352282E-02
       812  -0.12644585E-02
       813  -0.10855012E-03
       814  -0.50497781E-11
       873  -0.33350473E-05
       874  -0.25130701E-04
       875  -0.11629596E-04
       876  -0.71711803E-07
       881  -0.75443264E-03
       882  -0.12229508E-01
       883  -0.11533022E-01
       884  -0.60397654E-03
       885  -0.45387744E-13
       889  -0.38949563E-02
       890  -0.14916562E+00
       891  -0.29828941E+00
       892  -0.60320415E-01
       893  -0.53726744E-03
       894  -0.57536400E-12
       897  -0.19921618E-02
       898  -0.22334190E+00
       899  -0.95054414E+00
       900  -0.49498952E+00
       901  -0.24563595E-01
       902  -0.17464190E-08
       905  -0.58764359E-04
       906  -0.45056584E-01
       907  -0.45866690E+00
       908  -0.47340065E+00
       909  -0.44194167E-01
       910  -0.55997770E-08
       914  -0.43722361E-03
       915  -0.19555081E-01
       916  -0.37864277E-01
       917  -0.54777019E-02
       918  -0.11200966E-08
       985  -0.26723964E-06
       986  -0.26408526E-04
       987  -0.52285579E-04
       988  -0.65141190E-05
       989  -0.53762836E-14
       993  -0.96971972E-05
       994  -0.48262571E-02
       995  -0.25454058E-01
       996  -0.12553644E-01
       997  -0.37106229E-03
       998  -0.12959269E-11
      1001  -0.13530032E-04
      1002  -0.23142762E-01
      1003  -0.27442902E+00
      1004  -0.30570092E+00
      1005  -0.29995218E-01
      1006  -0.39351221E-08
      1009  -0.11285617E-05
      1010  -0.10970771E-01
      1011  -0.27969150E+00
      1012  -0.47027682E+00
      1013  -0.63484412E-01
      1014  -0.12618069E-07
      1018  -0.27435618E-03
      1019  -0.22404394E-01
      1020  -0.53049219E-01
      1021  -0.89702104E-02
      1022  -0.25240047E-08
      1098  -0.32103454E-05
      1099  -0.10215260E-03
      1100  -0.14247534E-03
      1101  -0.12887030E-04
      1102  -0.17726281E-12
      1106  -0.86936005E-04
      1107  -0.66208301E-02
      1108  -0.14746656E-01
      1109  -0.23412714E-02
      1110  -0.53850309E-09
      1114  -0.10512521E-03
      1115  -0.12709964E-01
      1116  -0.32355891E-01
      1117  -0.57238715E-02
      1118  -0.17267792E-08
      1122  -0.72199550E-05
      1123  -0.16255812E-02
      1124  -0.46664879E-02
      1125  -0.90246588E-03
      1126  -0.34542046E-09
      2719  -0.11038677E-04
      2720  -0.18768078E-02
      2721  -0.39799310E-02
      2722  -0.50775690E-03
      2732  -0.15471283E-03
      2733  -0.26304441E-01
      2734  -0.55780812E-01
      2735  -0.71164783E-02
      2745  -0.11396612E-03
      2746  -0.19376641E-01
      2747  -0.41089822E-01
      2748  -0.52422116E-02
      2758  -0.26498967E-05
      2759  -0.45053827E-03
      2760  -0.95540485E-03
      2761  -0.12188990E-03
      2888  -0.19720950E-07
      2889  -0.11059469E-03
      2890  -0.37016137E-03
      2891  -0.77354141E-04
      2901  -0.55990700E-06
      2902  -0.31399473E-02
      2903  -0.10509430E-01
      2904  -0.21961988E-02
      2914  -0.62624297E-06
      2915  -0.35119581E-02
      2916  -0.11754553E-01
      2917  -0.24563973E-02
      2927  -0.33040307E-07
      2928  -0.18528938E-03
      2929  -0.62016512E-03
      2930  -0.12959845E-03
      2972  -0.21934999E-08
      2973  -0.78220221E-05
      2974  -0.25386866E-04
      2975  -0.51413242E-05
      2985  -0.51675422E-06
      2986  -0.18427459E-02
      2987  -0.59807480E-02
      2988  -0.12112155E-02
      2998  -0.11794514E-05
      2999  -0.42059244E-02
      3000  -0.13650593E-01
      3001  -0.27645052E-02
      3011  -0.16377770E-06
      3012  -0.58403138E-03
      3013  -0.18955106E-02
      3014  -0.38387703E-03
      3043   0.30293747E+00
      3044  -0.12682288E+00
      3045  -0.57061014E-01
      3046  -0.10000000E+01
     1     1     2     0   320
      1579  -0.46454839E-09
      1580  -0.75216786E-08
      1581  -0.60986631E-08
      1582  -0.17592174E-09
      1586  -0.17833151E-06
      1587  -0.90920756E-03
      1588  -0.78871985E-02
      1589  -0.45431894E-02
      1590  -0.75005758E-04
      1594  -0.25865413E-05
      1595  -0.53701438E-02
      1596  -0.40074274E-01
      1597  -0.21207021E-01
      1598  -0.31194117E-03
      1602  -0.19892955E-05
      1603  -0.21485171E-02
      1604  -0.13562669E-01
      1605  -0.64595609E-02
      1606  -0.81986099E-04
      1610  -0.53878450E-07
      1611  -0.14040455E-04
      1612  -0.43654116E-04
      1613  -0.99100361E-05
      1614  -0.98780865E-08
      1683  -0.68097058E-08
      1684  -0.11020552E-06
      1685  -0.89328856E-07
      1686  -0.25751501E-08
      1690  -0.17933135E-03
      1691  -0.36075003E-01
      1692  -0.20336185E+00
      1693  -0.95649772E-01
      1694  -0.12729917E-02
      1697  -0.17659281E-05
      1698  -0.10494827E-01
      1699  -0.40829687E+00
      1700  -0.13827983E+01
      1701  -0.50685499E+00
      1702  -0.53901052E-02
      1705  -0.15226781E-04
      1706  -0.23270903E-01
      1707  -0.37193107E+00
      1708  -0.72073641E+00
      1709  -0.18530692E+00
      1710  -0.14460040E-02
      1713  -0.81756589E-05
      1714  -0.43777930E-02
      1715  -0.28689196E-01
      1716  -0.19819128E-01
      1717  -0.12599355E-02
      1718  -0.26140297E-06
      1721  -0.10058098E-06
      1722  -0.84867141E-05
      1723  -0.15947776E-04
      1724  -0.18664944E-05
      1725  -0.28647634E-18
      1787  -0.51713963E-08
      1788  -0.83664498E-07
      1789  -0.67801672E-07
      1790  -0.19537321E-08
      1794  -0.73075258E-03
      1795  -0.60984405E-01
      1796  -0.24725115E+00
      1797  -0.96910809E-01
      1798  -0.10734750E-02
      1801  -0.32689648E-03
      1802  -0.10689270E+00
      1803  -0.12998231E+01
      1804  -0.22967473E+01
      1805  -0.57825965E+00
      1806  -0.46037179E-02
      1809  -0.84256707E-02
      1810  -0.52187795E+00
      1811  -0.23521561E+01
      1812  -0.18405588E+01
      1813  -0.24917928E+00
      1814  -0.12529617E-02
      1817  -0.13043906E-01
      1818  -0.30119249E+00
      1819  -0.56286858E+00
      1820  -0.14194917E+00
      1821  -0.34049902E-02
      1822  -0.28514637E-06
      1825  -0.17613487E-02
      1826  -0.17026106E-01
      1827  -0.11736225E-01
      1828  -0.42299474E-03
      1829  -0.52444466E-17
      1833  -0.15263425E-05
      1834  -0.84587346E-05
      1835  -0.29697418E-05
      1836  -0.50477804E-08
      1891  -0.12904802E-09
      1892  -0.20862091E-08
      1893  -0.16898608E-08
      1894  -0.48645771E-10
      1898  -0.21300870E-03
      1899  -0.80204953E-02
      1900  -0.19252937E-01
      1901  -0.50034650E-02
      1902  -0.34439975E-04
      1905  -0.10078653E-02
      1906  -0.99605810E-01
      1907  -0.48570050E+00
      1908  -0.35521877E+00
      1909  -0.39823637E-01
      1910  -0.15210565E-03
      1913  -0.60429920E-01
      1914  -0.11589770E+01
      1915  -0.20552215E+01
      1916  -0.56927851E+00
      1917  -0.23813728E-01
      1918  -0.42762269E-04
      1921  -0.18400224E+00
      1922  -0.17661024E+01
      1923  -0.14205188E+01
      1924  -0.11765946E+00
      1925  -0.71368895E-03
      1926  -0.14687058E-07
      1929  -0.58985183E-01
      1930  -0.45432884E+00
      1931  -0.25124038E+00
      1932  -0.62242312E-02
      1933  -0.39050514E-08
      1937  -0.89784422E-03
      1938  -0.13425915E-01
      1939  -0.13235469E-01
      1940  -0.86949284E-03
      1941  -0.27975669E-08
      1945  -0.25411697E-08
      1946  -0.19710863E-05
      1947  -0.62762432E-05
      1948  -0.13075591E-05
      1949  -0.61685815E-10
      2002  -0.51818831E-06
      2003  -0.44254032E-05
      2004  -0.23547342E-05
      2005  -0.28093949E-07
      2009  -0.24219934E-03
      2010  -0.86757345E-02
      2011  -0.15571799E-01
      2012  -0.24272975E-02
      2013  -0.36133021E-05
      2017  -0.42889324E-01
      2018  -0.39910111E+00
      2019  -0.29383977E+00
      2020  -0.16936067E-01
      2021  -0.76091258E-05
      2025  -0.23032554E+00
      2026  -0.18670529E+01
      2027  -0.11386617E+01
      2028  -0.43687650E-01
      2029  -0.28581926E-04
      2033  -0.12624914E+00
      2034  -0.15362331E+01
      2035  -0.16699318E+01
      2036  -0.22459829E+00
      2037  -0.25589480E-02
      2038  -0.90397141E-08
      2041  -0.50166859E-02
      2042  -0.19446688E+00
      2043  -0.50964952E+00
      2044  -0.17936182E+00
      2045  -0.62018915E-02
      2046  -0.51966840E-07
      2049  -0.15498239E-06
      2050  -0.12527190E-02
      2051  -0.13837720E-01
      2052  -0.13375192E-01
      2053  -0.11139399E-02
      2054  -0.18545092E-07
      2058  -0.13760443E-11
      2059  -0.12515482E-06
      2060  -0.55513611E-06
      2061  -0.15566281E-06
      2062  -0.23317096E-10
      2113  -0.54738055E-06
      2114  -0.56649980E-05
      2115  -0.34278813E-05
      2116  -0.52662299E-07
      2121  -0.23934191E-02
      2122  -0.16150240E-01
      2123  -0.73072908E-02
      2124  -0.74101902E-04
      2129  -0.28531025E-01
      2130  -0.37146537E+00
      2131  -0.40997220E+00
      2132  -0.48634841E-01
      2133  -0.20650729E-03
      2137  -0.28667161E-01
      2138  -0.89200988E+00
      2139  -0.23539270E+01
      2140  -0.97191431E+00
      2141  -0.49625599E-01
      2142  -0.92025890E-06
      2145  -0.24244519E-02
      2146  -0.29078786E+00
      2147  -0.18731252E+01
      2148  -0.16846440E+01
      2149  -0.16791134E+00
      2150  -0.53028898E-05
      2153  -0.24792267E-06
      2154  -0.63586874E-02
      2155  -0.15285202E+00
      2156  -0.26724709E+00
      2157  -0.40649233E-01
      2158  -0.18965402E-05
      2162  -0.69457177E-10
      2163  -0.10618023E-04
      2164  -0.48181108E-04
      2165  -0.13792037E-04
      2166  -0.24210102E-08
      2225  -0.33614730E-06
      2226  -0.70820269E-05
      2227  -0.69627960E-05
      2228  -0.31164535E-06
      2233  -0.81846948E-04
      2234  -0.80776348E-02
      2235  -0.25651234E-01
      2236  -0.80387177E-02
      2237  -0.10436588E-03
      2241  -0.24390634E-03
      2242  -0.68225404E-01
      2243  -0.54364777E+00
      2244  -0.53227601E+00
      2245  -0.54449763E-01
      2246  -0.17025037E-05
      2249  -0.51740039E-04
      2250  -0.51054688E-01
      2251  -0.89162036E+00
      2252  -0.14376754E+01
      2253  -0.21228373E+00
      2254  -0.98170993E-05
      2257  -0.22787776E-07
      2258  -0.26146666E-02
      2259  -0.13009074E+00
      2260  -0.30601705E+00
      2261  -0.56834639E-01
      2262  -0.35131831E-05
      2266  -0.10090354E-09
      2267  -0.18669725E-04
      2268  -0.85284638E-04
      2269  -0.24559197E-04
      2270  -0.45038899E-08
      2338  -0.11974623E-05
      2339  -0.24562722E-04
      2340  -0.25306347E-04
      2341  -0.13634917E-05
      2346  -0.11620917E-03
      2347  -0.82292845E-02
      2348  -0.19452052E-01
      2349  -0.34821727E-02
      2350  -0.18440550E-06
      2354  -0.23892173E-03
      2355  -0.27782926E-01
      2356  -0.77206590E-01
      2357  -0.15654736E-01
      2358  -0.10641965E-05
      2362  -0.32010814E-04
      2363  -0.65784326E-02
      2364  -0.20782109E-01
      2365  -0.46121644E-02
      2366  -0.38112075E-06
      2370  -0.79500249E-11
      2371  -0.19049320E-05
      2372  -0.87715648E-05
      2373  -0.25438981E-05
      2374  -0.49110560E-09
      2720  -0.15568863E-03
      2721  -0.99272483E-03
      2722  -0.38988240E-03
      2723  -0.92518028E-06
      2733  -0.70284532E-02
      2734  -0.44815861E-01
      2735  -0.17600965E-01
      2736  -0.41766610E-04
      2746  -0.97387937E-02
      2747  -0.62097934E-01
      2748  -0.24388321E-01
      2749  -0.57872818E-04
      2759  -0.71589724E-03
      2760  -0.45648097E-02
      2761  -0.17927817E-02
      2762  -0.42542220E-05
      2902   0.11500258E-07
      2903   0.65566889E-03
      2904   0.24211354E-02
      2905   0.55871575E-03
      2915   0.16450583E-06
      2916   0.93790376E-02
      2917   0.34633212E-01
      2918   0.79921682E-02
      2928   0.12287257E-06
      2929   0.70053836E-02
      2930   0.25868212E-01
      2931   0.59695041E-02
      2941   0.29507214E-08
      2942   0.16823067E-03
      2943   0.62121178E-03
      2944   0.14335456E-03
      2959   0.24283586E-04
      2960   0.14515747E-03
      2961   0.53702876E-04
      2962   0.86674706E-07
      2972   0.28041324E-02
      2973   0.16761971E-01
      2974   0.62013072E-02
      2975   0.10008709E-04
      2985   0.53753241E-02
      2986   0.32131517E-01
      2987   0.11887468E-01
      2988   0.19185990E-04
      2998   0.60783395E-03
      2999   0.36333859E-02
      3000   0.13442179E-02
      3001   0.21695243E-05
      3043   0.26480548E+00
      3044  -0.17894960E+00
      3045  -0.94690051E-01
      3046  -0.10000000E+01
     1     1     3     0   436
       233  -0.45829149E-09
       234  -0.20368219E-08
       235  -0.56565153E-09
       236  -0.22041775E-13
       241  -0.50229223E-08
       242  -0.22323810E-07
       243  -0.61996162E-08
       244  -0.24158975E-12
       249  -0.31018425E-08
       250  -0.13785802E-07
       251  -0.38285028E-08
       252  -0.14919525E-12
       257  -0.45825495E-10
       258  -0.20366705E-09
       259  -0.56561250E-10
       260  -0.22043516E-14
       337  -0.41780537E-03
       338  -0.18621801E-02
       339  -0.51862086E-03
       340  -0.21884919E-07
       345  -0.77977811E-02
       346  -0.34844019E-01
       347  -0.97290192E-02
       348  -0.44213061E-06
       353  -0.80066499E-02
       354  -0.35882306E-01
       355  -0.10048426E-01
       356  -0.49626908E-06
       361  -0.51413839E-03
       362  -0.23205570E-02
       363  -0.65447379E-03
       364  -0.38888787E-07
       369  -0.33825697E-07
       370  -0.15809866E-06
       371  -0.46153936E-07
       372  -0.55510547E-11
       441  -0.21921048E-02
       442  -0.97808717E-02
       443  -0.27269296E-02
       444  -0.11861236E-06
       449  -0.58865668E-01
       450  -0.26466144E+00
       451  -0.74359978E-01
       452  -0.40840912E-05
       457  -0.99985752E-01
       458  -0.45608932E+00
       459  -0.13006482E+00
       460  -0.11122780E-04
       465  -0.21512669E-01
       466  -0.10166267E+00
       467  -0.30063487E-01
       468  -0.57030064E-05
       473  -0.46620431E-03
       474  -0.23955881E-02
       475  -0.76973735E-03
       476  -0.42184530E-06
       481  -0.20249159E-07
       482  -0.12612824E-06
       483  -0.48518917E-07
       484  -0.10276008E-09
       545  -0.78205022E-03
       546  -0.34943878E-02
       547  -0.97563340E-03
       548  -0.44142446E-07
       553  -0.38624986E-01
       554  -0.17577203E+00
       555  -0.49997984E-01
       556  -0.38903566E-05
       561  -0.14705702E+00
       562  -0.69981817E+00
       563  -0.20875079E+00
       564  -0.54980118E-04
       569  -0.10759535E+00
       570  -0.56551777E+00
       571  -0.18827965E+00
       572  -0.24806330E-03
       577  -0.15344654E-01
       578  -0.98567351E-01
       579  -0.40628080E-01
       580  -0.21492786E-03
       585  -0.20835977E-03
       586  -0.20490100E-02
       587  -0.12190773E-02
       588  -0.19779282E-04
       593  -0.15901664E-08
       594  -0.40698441E-07
       595  -0.43304091E-07
       596  -0.21138337E-08
       649  -0.39405689E-05
       650  -0.17741599E-04
       651  -0.49909648E-05
       652  -0.27359868E-09
       657  -0.23630998E-02
       658  -0.11119037E-01
       659  -0.32708432E-02
       660  -0.50927963E-06
       665  -0.41305381E-01
       666  -0.21647524E+00
       667  -0.71612504E-01
       668  -0.78002119E-04
       673  -0.10904660E+00
       674  -0.71268258E+00
       675  -0.30613713E+00
       676  -0.24758233E-02
       677  -0.25239472E-12
       681  -0.53915248E-01
       682  -0.51909326E+00
       683  -0.33571053E+00
       684  -0.98131295E-02
       685  -0.21064714E-07
       689  -0.37285869E-02
       690  -0.71753760E-01
       691  -0.78485646E-01
       692  -0.55599595E-02
       693  -0.96389449E-07
       697  -0.85942890E-05
       698  -0.85969611E-03
       699  -0.18988881E-02
       700  -0.29236700E-03
       701  -0.28173572E-07
       706  -0.13004137E-08
       707  -0.87555570E-08
       708  -0.36341101E-08
       709  -0.12633436E-10
       761  -0.36593619E-05
       762  -0.18702773E-04
       763  -0.59637458E-05
       764  -0.26670020E-08
       769  -0.18200111E-02
       770  -0.11685620E-01
       771  -0.47380037E-02
       772  -0.19112452E-04
       777  -0.21601578E-01
       778  -0.21387627E+00
       779  -0.13957284E+00
       780  -0.39157787E-02
       781  -0.22666729E-10
       785  -0.31194994E-01
       786  -0.57165567E+00
       787  -0.66010964E+00
       788  -0.60593786E-01
       789  -0.88771611E-04
       790  -0.11077800E-13
       793  -0.60651215E-02
       794  -0.28117865E+00
       795  -0.61752681E+00
       796  -0.13794732E+00
       797  -0.15615351E-02
       798  -0.16799339E-10
       801  -0.55863953E-04
       802  -0.19121629E-01
       803  -0.96732586E-01
       804  -0.48590434E-01
       805  -0.17114950E-02
       806  -0.50624990E-10
       810  -0.39206764E-04
       811  -0.98086764E-03
       812  -0.13079021E-02
       813  -0.12304409E-03
       814  -0.94984152E-11
       873  -0.22841131E-05
       874  -0.23305798E-04
       875  -0.13826432E-04
       876  -0.19404555E-06
       881  -0.48804323E-03
       882  -0.11021051E-01
       883  -0.12568641E-01
       884  -0.85635165E-03
       885  -0.40488764E-10
       889  -0.23751280E-02
       890  -0.13153595E+00
       891  -0.30746564E+00
       892  -0.71011505E-01
       893  -0.72943666E-03
       894  -0.18318433E-11
       897  -0.11161438E-02
       898  -0.19213003E+00
       899  -0.93976409E+00
       900  -0.53361048E+00
       901  -0.27948321E-01
       902  -0.27833285E-08
       905  -0.26469448E-04
       906  -0.37487350E-01
       907  -0.43690564E+00
       908  -0.48104276E+00
       909  -0.46761914E-01
       910  -0.83891397E-08
       914  -0.33499840E-03
       915  -0.17630912E-01
       916  -0.35820196E-01
       917  -0.53596319E-02
       918  -0.15742934E-08
       985  -0.12411129E-06
       986  -0.22531916E-04
       987  -0.53094859E-04
       988  -0.80545973E-05
       989  -0.42078423E-11
       993  -0.39211767E-05
       994  -0.40529051E-02
       995  -0.24879302E-01
       996  -0.13710873E-01
       997  -0.46519545E-03
       998  -0.38588915E-11
      1001  -0.50020286E-05
      1002  -0.18992095E-01
      1003  -0.25909458E+00
      1004  -0.30795983E+00
      1005  -0.31504734E-01
      1006  -0.58659246E-08
      1009  -0.35910676E-06
      1010  -0.87254106E-02
      1011  -0.25522142E+00
      1012  -0.44949181E+00
      1013  -0.62500557E-01
      1014  -0.17681062E-07
      1018  -0.20202336E-03
      1019  -0.19353415E-01
      1020  -0.47458627E-01
      1021  -0.82240687E-02
      1022  -0.33181494E-08
      1098  -0.24286501E-05
      1099  -0.95067754E-04
      1100  -0.14586442E-03
      1101  -0.14760471E-04
      1102  -0.48853229E-12
      1106  -0.63053325E-04
      1107  -0.58149315E-02
      1108  -0.13567603E-01
      1109  -0.22288538E-02
      1110  -0.74301122E-09
      1114  -0.74002545E-04
      1115  -0.10757399E-01
      1116  -0.28362536E-01
      1117  -0.51466545E-02
      1118  -0.22396959E-08
      1122  -0.48197946E-05
      1123  -0.13067261E-02
      1124  -0.38549940E-02
      1125  -0.76101792E-03
      1126  -0.42033829E-09
      1467  -0.78188492E-06
      1468  -0.13927717E-04
      1469  -0.12302175E-04
      1470  -0.44374364E-06
      1474  -0.77622803E-06
      1475  -0.12519006E-02
      1476  -0.11807522E-01
      1477  -0.78285054E-02
      1478  -0.20171379E-03
      1482  -0.59361785E-05
      1483  -0.47828049E-02
      1484  -0.37681456E-01
      1485  -0.22762507E-01
      1486  -0.52974667E-03
      1490  -0.27930240E-05
      1491  -0.12521697E-02
      1492  -0.79956759E-02
      1493  -0.42699625E-02
      1494  -0.86670964E-04
      1498  -0.18810871E-07
      1499  -0.13792988E-05
      1500  -0.26513366E-05
      1501  -0.33821199E-06
      1502  -0.88515975E-12
      1571  -0.15266597E-04
      1572  -0.26225386E-03
      1573  -0.22731298E-03
      1574  -0.79625034E-05
      1577  -0.34449678E-06
      1578  -0.13846858E-02
      1579  -0.75088218E-01
      1580  -0.36424319E+00
      1581  -0.18503039E+00
      1582  -0.38567101E-02
      1585  -0.16556833E-03
      1586  -0.34330257E-01
      1587  -0.54803894E+00
      1588  -0.15196518E+01
      1589  -0.59564155E+00
      1590  -0.10281209E-01
      1593  -0.55339669E-03
      1594  -0.47070240E-01
      1595  -0.33424524E+00
      1596  -0.48953516E+00
      1597  -0.13018795E+00
      1598  -0.17129563E-02
      1601  -0.12937539E-03
      1602  -0.48658790E-02
      1603  -0.12712463E-01
      1604  -0.43607852E-02
      1605  -0.11668538E-03
      1606  -0.43163988E-10
      1609  -0.87337412E-07
      1610  -0.63547804E-06
      1611  -0.29057413E-06
      1612  -0.19541879E-08
      1675  -0.13993148E-04
      1676  -0.23483471E-03
      1677  -0.20102763E-03
      1678  -0.69046214E-05
      1681  -0.58670250E-05
      1682  -0.71407044E-02
      1683  -0.16158583E+00
      1684  -0.49186449E+00
      1685  -0.19862157E+00
      1686  -0.34939180E-02
      1689  -0.97031344E-02
      1690  -0.37470194E+00
      1691  -0.19740701E+01
      1692  -0.26252861E+01
      1693  -0.69569306E+00
      1694  -0.94087328E-02
      1697  -0.50657434E-01
      1698  -0.91762915E+00
      1699  -0.20759516E+01
      1700  -0.11888386E+01
      1701  -0.17168568E+00
      1702  -0.15867720E-02
      1705  -0.18807403E-01
      1706  -0.20440389E+00
      1707  -0.20685029E+00
      1708  -0.28605263E-01
      1709  -0.34563889E-03
      1710  -0.61798983E-10
      1713  -0.89070970E-04
      1714  -0.49491695E-03
      1715  -0.17621136E-03
      1716  -0.41994812E-06
      1779  -0.52529365E-06
      1780  -0.84005944E-05
      1781  -0.70022622E-05
      1782  -0.23034248E-06
      1785  -0.50606565E-05
      1786  -0.27664215E-02
      1787  -0.29194890E-01
      1788  -0.44812450E-01
      1789  -0.11011140E-01
      1790  -0.12859415E-03
      1793  -0.18411615E-01
      1794  -0.34141011E+00
      1795  -0.75235253E+00
      1796  -0.38388531E+00
      1797  -0.46409123E-01
      1798  -0.35395290E-03
      1801  -0.11187707E+00
      1802  -0.12448116E+01
      1803  -0.13877923E+01
      1804  -0.28436794E+00
      1805  -0.14426787E-01
      1806  -0.61258061E-04
      1809  -0.46425676E-01
      1810  -0.38123472E+00
      1811  -0.25439324E+00
      1812  -0.15727512E-01
      1813  -0.69687483E-04
      1814  -0.47662299E-11
      1817  -0.27627727E-03
      1818  -0.14944326E-02
      1819  -0.51634006E-03
      1820  -0.98804658E-06
      1889  -0.17738732E-06
      1890  -0.24218341E-04
      1891  -0.65481006E-04
      1892  -0.13382979E-04
      1893  -0.12515950E-07
      1897  -0.23971005E-02
      1898  -0.23632022E-01
      1899  -0.18700522E-01
      1900  -0.11940443E-02
      1901  -0.27431993E-06
      1905  -0.16768708E-01
      1906  -0.13024754E+00
      1907  -0.76475551E-01
      1908  -0.27085399E-02
      1909  -0.26982097E-06
      1913  -0.76333867E-02
      1914  -0.51342872E-01
      1915  -0.24491344E-01
      1916  -0.45186243E-03
      1917  -0.11607749E-07
      1921  -0.54327355E-04
      1922  -0.28692806E-03
      1923  -0.96467657E-04
      1924  -0.14585715E-06
      2719  -0.46274385E-04
      2720  -0.45842700E-02
      2721  -0.84038005E-02
      2722  -0.89929632E-03
      2732  -0.52407933E-03
      2733  -0.51919028E-01
      2734  -0.95177020E-01
      2735  -0.10184957E-01
      2745  -0.33164852E-03
      2746  -0.32855463E-01
      2747  -0.60230038E-01
      2748  -0.64452567E-02
      2758  -0.52440517E-05
      2759  -0.51951309E-03
      2760  -0.95236196E-03
      2761  -0.10191289E-03
      2888  -0.17021632E-05
      2889  -0.47811525E-03
      2890  -0.11310443E-02
      2891  -0.16352721E-03
      2901  -0.27864683E-04
      2902  -0.78268230E-02
      2903  -0.18515375E-01
      2904  -0.26769666E-02
      2914  -0.22745404E-04
      2915  -0.63888847E-02
      2916  -0.15113744E-01
      2917  -0.21851562E-02
      2927  -0.66506322E-06
      2928  -0.18680751E-03
      2929  -0.44191764E-03
      2930  -0.63892778E-04
      2972  -0.68481380E-08
      2973  -0.11881086E-04
      2974  -0.36278797E-04
      2975  -0.69001708E-05
      2985  -0.12017245E-05
      2986  -0.20849159E-02
      2987  -0.63662736E-02
      2988  -0.12108553E-02
      2998  -0.25677081E-05
      2999  -0.44548109E-02
      3000  -0.13602728E-01
      3001  -0.25872178E-02
      3011  -0.33049194E-06
      3012  -0.57338258E-03
      3013  -0.17508190E-02
      3014  -0.33300305E-03
      3043   0.51327365E+00
      3044  -0.19718418E+00
      3045  -0.79438908E-01
      3046  -0.10000000E+01
     1     1     4     0   372
       115  -0.15822000E-05
       116  -0.29233428E-04
       117  -0.26314547E-04
       118  -0.97915727E-06
       122  -0.19256068E-07
       123  -0.63336329E-03
       124  -0.76031327E-02
       125  -0.55795232E-02
       126  -0.15884396E-03
       130  -0.17395665E-06
       131  -0.20220407E-02
       132  -0.20396032E-01
       133  -0.13627827E-01
       134  -0.34332815E-03
       138  -0.93721723E-07
       139  -0.46152105E-03
       140  -0.37519555E-02
       141  -0.21921358E-02
       142  -0.45826959E-04
       146  -0.98436938E-09
       147  -0.48292354E-06
       148  -0.14431691E-05
       149  -0.28409016E-06
       150  -0.11900462E-10
       219  -0.21357814E-04
       220  -0.38040811E-03
       221  -0.33583543E-03
       222  -0.12114335E-04
       226  -0.59190477E-04
       227  -0.21073313E-01
       228  -0.15497162E+00
       229  -0.91879049E-01
       230  -0.21224006E-02
       233  -0.25792352E-08
       234  -0.19950117E-02
       235  -0.13722071E+00
       236  -0.58879224E+00
       237  -0.26474487E+00
       238  -0.47308751E-02
       241  -0.22014568E-07
       242  -0.33034129E-02
       243  -0.86930208E-01
       244  -0.19900867E+00
       245  -0.57018244E-01
       246  -0.65990455E-03
       249  -0.11304694E-07
       250  -0.43752687E-03
       251  -0.45095789E-02
       252  -0.35920893E-02
       253  -0.19144957E-03
       254  -0.58005956E-09
       257  -0.10052938E-09
       258  -0.18740564E-06
       259  -0.62279186E-06
       260  -0.13185154E-06
       261  -0.66298748E-12
       323  -0.15497291E-04
       324  -0.26847119E-03
       325  -0.23345971E-03
       326  -0.82164651E-05
       330  -0.31746241E-03
       331  -0.36502887E-01
       332  -0.17512634E+00
       333  -0.82529754E-01
       334  -0.15375792E-02
       337  -0.11080071E-04
       338  -0.26353722E-01
       339  -0.48845191E+00
       340  -0.10080032E+01
       341  -0.28547626E+00
       342  -0.35173962E-02
       345  -0.35424117E-03
       346  -0.10288345E+00
       347  -0.71611375E+00
       348  -0.64053043E+00
       349  -0.83099778E-01
       350  -0.50866369E-03
       353  -0.56432127E-03
       354  -0.49966446E-01
       355  -0.15326597E+00
       356  -0.48839955E-01
       357  -0.90458276E-03
       358  -0.83314099E-09
       361  -0.70391093E-04
       362  -0.22394614E-02
       363  -0.30379790E-02
       364  -0.25803251E-03
       365  -0.38386145E-10
       369  -0.19332667E-07
       370  -0.23041903E-06
       371  -0.15210366E-06
       372  -0.27402249E-08
       427  -0.36005939E-06
       428  -0.58041770E-05
       429  -0.48434729E-05
       430  -0.15891503E-06
       434  -0.12415034E-03
       435  -0.56831852E-02
       436  -0.14244619E-01
       437  -0.38494148E-02
       438  -0.36398578E-04
       441  -0.63407551E-04
       442  -0.31196198E-01
       443  -0.23008431E+00
       444  -0.19660861E+00
       445  -0.21397472E-01
       446  -0.89616873E-04
       449  -0.50428549E-02
       450  -0.30539726E+00
       451  -0.88303908E+00
       452  -0.30817237E+00
       453  -0.10947613E-01
       454  -0.14258096E-04
       457  -0.19225136E-01
       458  -0.42626522E+00
       459  -0.59546265E+00
       460  -0.77717596E-01
       461  -0.34406507E-03
       462  -0.64781435E-10
       465  -0.91749370E-02
       466  -0.10043476E+00
       467  -0.72778955E-01
       468  -0.26052559E-02
       469  -0.58916318E-10
       473  -0.40564906E-03
       474  -0.25351622E-02
       475  -0.10157774E-02
       476  -0.43283804E-05
       481  -0.29294861E-07
       482  -0.14403470E-06
       483  -0.44267148E-07
       484  -0.13438199E-10
       538  -0.98469353E-06
       539  -0.12048900E-04
       540  -0.85483228E-05
       541  -0.21574919E-06
       545  -0.26434647E-04
       546  -0.38995213E-02
       547  -0.12003746E-01
       548  -0.31170080E-02
       549  -0.15632855E-04
       553  -0.63953667E-02
       554  -0.14728141E+00
       555  -0.19966222E+00
       556  -0.22596128E-01
       557  -0.29588980E-04
       561  -0.62880871E-01
       562  -0.65252508E+00
       563  -0.47850760E+00
       564  -0.20970274E-01
       565  -0.36765051E-05
       569  -0.86605116E-01
       570  -0.57198894E+00
       571  -0.25626154E+00
       572  -0.28628087E-02
       573  -0.50177406E-11
       577  -0.18004174E-01
       578  -0.10215596E+00
       579  -0.37292862E-01
       580  -0.11105642E-03
       585  -0.28176973E-03
       586  -0.21972146E-02
       587  -0.10833529E-02
       588  -0.10529787E-04
       593  -0.23535774E-08
       594  -0.45652208E-07
       595  -0.41565055E-07
       596  -0.15305356E-08
       649  -0.25509423E-06
       650  -0.92249090E-05
       651  -0.11946741E-04
       652  -0.82507278E-06
       657  -0.88749273E-03
       658  -0.97410314E-02
       659  -0.66071131E-02
       660  -0.16986681E-03
       665  -0.33084835E-01
       666  -0.21355129E+00
       667  -0.92039808E-01
       668  -0.79270255E-03
       673  -0.12173068E+00
       674  -0.72497496E+00
       675  -0.28383744E+00
       676  -0.16018473E-02
       677  -0.12384168E-14
       681  -0.69269204E-01
       682  -0.54144737E+00
       683  -0.29674369E+00
       684  -0.65520001E-02
       685  -0.56961538E-08
       689  -0.51699982E-02
       690  -0.77311567E-01
       691  -0.72853621E-01
       692  -0.42700891E-02
       693  -0.28533924E-07
       697  -0.13957134E-04
       698  -0.95951738E-03
       699  -0.18561290E-02
       700  -0.24703492E-03
       701  -0.90463844E-08
       706  -0.16183543E-08
       707  -0.95959043E-08
       708  -0.35465237E-08
       709  -0.64551272E-11
       761  -0.29068693E-05
       762  -0.17921014E-04
       763  -0.68902825E-05
       764  -0.16796449E-07
       769  -0.21372720E-02
       770  -0.11597055E-01
       771  -0.39998183E-02
       772  -0.67217371E-05
       777  -0.27512566E-01
       778  -0.21948470E+00
       779  -0.12116275E+00
       780  -0.25366626E-02
       781  -0.14605280E-12
       785  -0.42122229E-01
       786  -0.60849524E+00
       787  -0.61127732E+00
       788  -0.48446082E-01
       789  -0.62607343E-04
       790  -0.34826497E-14
       793  -0.88055488E-02
       794  -0.30882610E+00
       795  -0.60056470E+00
       796  -0.12124870E+00
       797  -0.12557946E-02
       798  -0.92882287E-11
       801  -0.97862625E-04
       802  -0.21766432E-01
       803  -0.98092808E-01
       804  -0.45357823E-01
       805  -0.14690759E-02
       806  -0.29474917E-10
       810  -0.47935764E-04
       811  -0.10419654E-02
       812  -0.12951098E-02
       813  -0.11333265E-03
       814  -0.58333771E-11
       873  -0.27596847E-05
       874  -0.22259888E-04
       875  -0.10912814E-04
       876  -0.83209148E-07
       881  -0.66699081E-03
       882  -0.11652364E-01
       883  -0.11478219E-01
       884  -0.63804174E-03
       885  -0.28194346E-12
       889  -0.34688411E-02
       890  -0.14391714E+00
       891  -0.29794496E+00
       892  -0.62041281E-01
       893  -0.56914942E-03
       894  -0.71193012E-12
       897  -0.17653408E-02
       898  -0.21611674E+00
       899  -0.94760011E+00
       900  -0.50275362E+00
       901  -0.25236293E-01
       902  -0.19023363E-08
       905  -0.50546637E-04
       906  -0.43554597E-01
       907  -0.45573511E+00
       908  -0.47663217E+00
       909  -0.44857406E-01
       910  -0.60376768E-08
       914  -0.41875918E-03
       915  -0.19297571E-01
       916  -0.37704519E-01
       917  -0.54888436E-02
       918  -0.11950906E-08
       985  -0.21896276E-06
       986  -0.24464863E-04
       987  -0.50285498E-04
       988  -0.65387412E-05
       989  -0.32179982E-13
       993  -0.78790445E-05
       994  -0.45804612E-02
       995  -0.24999518E-01
       996  -0.12638289E-01
       997  -0.38461324E-03
       998  -0.15757616E-11
      1001  -0.10888512E-04
      1002  -0.22041042E-01
      1003  -0.26970853E+00
      1004  -0.30488488E+00
      1005  -0.30193710E-01
      1006  -0.42122943E-08
      1009  -0.89103886E-06
      1010  -0.10441530E-01
      1011  -0.27413238E+00
      1012  -0.46554252E+00
      1013  -0.63235814E-01
      1014  -0.13369489E-07
      1018  -0.25899868E-03
      1019  -0.21807555E-01
      1020  -0.51990366E-01
      1021  -0.88327143E-02
      1022  -0.26464244E-08
      1098  -0.29483299E-05
      1099  -0.98306576E-04
      1100  -0.14009115E-03
      1101  -0.12990289E-04
      1102  -0.21127298E-12
      1106  -0.80024237E-04
      1107  -0.63760871E-02
      1108  -0.14360144E-01
      1109  -0.22981558E-02
      1110  -0.56503263E-09
      1114  -0.96683239E-04
      1115  -0.12197104E-01
      1116  -0.31302518E-01
      1117  -0.55691412E-02
      1118  -0.17934321E-08
      1122  -0.66139878E-05
      1123  -0.15499955E-02
      1124  -0.44756451E-02
      1125  -0.86928288E-03
      1126  -0.35501365E-09
      2719  -0.10356826E-03
      2720  -0.65896679E-02
      2721  -0.10436000E-01
      2722  -0.92417985E-03
      2732  -0.92877987E-03
      2733  -0.59094851E-01
      2734  -0.93588005E-01
      2735  -0.82878640E-02
      2745  -0.49007016E-03
      2746  -0.31181364E-01
      2747  -0.49381657E-01
      2748  -0.43730866E-02
      2758  -0.44173872E-05
      2759  -0.28106212E-03
      2760  -0.44511565E-03
      2761  -0.39418064E-04
      2888  -0.25682951E-04
      2889  -0.26899477E-02
      2890  -0.50134594E-02
      2891  -0.54764328E-03
      2901  -0.28603213E-03
      2902  -0.29958064E-01
      2903  -0.55835113E-01
      2904  -0.60991268E-02
      2914  -0.17875529E-03
      2915  -0.18722241E-01
      2916  -0.34894059E-01
      2917  -0.38116389E-02
      2927  -0.27299510E-05
      2928  -0.28592609E-03
      2929  -0.53290211E-03
      2930  -0.58211354E-04
      2972  -0.27894757E-08
      2973  -0.87067210E-05
      2974  -0.27974840E-04
      2975  -0.56073038E-05
      2985  -0.60623512E-06
      2986  -0.18922266E-02
      2987  -0.60797556E-02
      2988  -0.12186321E-02
      2998  -0.13599652E-05
      2999  -0.42448256E-02
      3000  -0.13638696E-01
      3001  -0.27337533E-02
      3011  -0.18516059E-06
      3012  -0.57793714E-03
      3013  -0.18569217E-02
      3014  -0.37220317E-03
      3043   0.52149150E+00
      3044  -0.18163693E+00
      3045  -0.60799846E-01
      3046  -0.10000000E+01
